r1 r2 r3 energy
2.342105 3.847458 6.169675 -546.784016
2.457895 3.949153 6.386351 -546.789262
1.531579 4.050847 5.567248 -546.782626
1.647368 4.050847 5.682221 -546.782535
2.573684 4.050847 6.603032 -546.792448
1.415789 4.152542 5.553913 -546.780867
1.531579 4.152542 5.668840 -546.784810
1.647368 4.152542 5.783802 -546.785079
2.573684 4.152542 6.704521 -546.781368
2.689474 4.152542 6.819717 -546.792847
1.415789 4.254237 5.655520 -546.781799
1.531579 4.254237 5.770437 -546.786419
1.647368 4.254237 5.885387 -546.786988
2.689474 4.254237 6.921201 -546.784796
2.805263 4.254237 7.036406 -546.792961
1.415789 4.355932 5.757130 -546.782279
1.531579 4.355932 5.872036 -546.787548
1.647368 4.355932 5.986976 -546.788368
1.415789 4.457627 5.858743 -546.782455
1.531579 4.457627 5.973639 -546.788313
1.647368 4.457627 6.088568 -546.789341
1.415789 4.559322 5.960359 -546.782426
1.531579 4.559322 6.075245 -546.788860
1.647368 4.559322 6.190164 -546.790066
3.152632 4.559322 7.686491 -546.792265
1.415789 4.661017 6.061978 -546.782270
1.531579 4.661017 6.176853 -546.789236
1.647368 4.661017 6.291763 -546.790595
3.268421 4.661017 7.903192 -546.791063
1.415789 4.762712 6.163599 -546.782047
1.531579 4.762712 6.278465 -546.789488
3.384211 4.762712 8.119895 -546.790474
3.500000 4.762712 8.235151 -546.780324
1.415789 4.864407 6.265222 -546.781776
1.531579 4.864407 6.380079 -546.789668
3.384211 4.864407 8.221353 -546.795549
3.500000 4.864407 8.336600 -546.789118
1.415789 4.966102 6.366848 -546.781489
1.531579 4.966102 6.481696 -546.789792
3.500000 4.966102 8.438054 -546.797202
1.415789 5.067797 6.468475 -546.781209
1.531579 5.067797 6.583315 -546.789876
1.415789 5.169492 6.570105 -546.780929
1.647368 5.169492 6.799800 -546.791838
1.415789 5.271186 6.671737 -546.780663
1.647368 5.271186 6.901415 -546.791964
1.647368 5.372881 7.003033 -546.792070
1.647368 5.474576 7.104653 -546.792165
1.647368 5.576271 7.206275 -546.792249
1.531579 5.677966 7.193075 -546.790070
1.647368 5.677966 7.307899 -546.792323
1.531579 5.779661 7.294708 -546.790083
1.647368 5.779661 7.409524 -546.792391
1.531579 5.881356 7.396343 -546.790093
1.647368 5.881356 7.511152 -546.792454
1.531579 5.983051 7.497980 -546.790103
1.647368 5.983051 7.612782 -546.792400
1.531579 6.084746 7.599618 -546.790112
1.647368 6.084746 7.714413 -546.792453
1.531579 6.186441 7.701258 -546.790120
1.647368 6.186441 7.816046 -546.792503
1.531579 6.288136 7.802899 -546.790129
1.647368 6.288136 7.917680 -546.792549
1.531579 6.389831 7.904542 -546.790137
1.647368 6.389831 8.019316 -546.792592
1.531579 6.491525 8.006185 -546.790145
1.647368 6.491525 8.120954 -546.792633
1.531579 6.593220 8.107830 -546.790153
1.647368 6.593220 8.222593 -546.792672
1.531579 6.694915 8.209477 -546.790161
1.647368 6.694915 8.324233 -546.792708
1.531579 6.796610 8.311124 -546.790168
1.647368 6.796610 8.425875 -546.792742
1.531579 6.898305 8.412773 -546.790176
1.647368 6.898305 8.527517 -546.792774
1.531579 7.000000 8.514423 -546.790183
1.647368 7.000000 8.629162 -546.792803
3.384211 2.118644 5.431798 -546.783289
3.500000 2.220339 5.646251 -546.790276
3.500000 2.322034 5.745901 -546.780704
2.342105 3.542373 5.807583 -546.780514
2.342105 3.644068 5.908417 -546.782236
2.457895 3.644068 6.021905 -546.785924
2.457895 3.745763 6.122718 -546.786568
1.531579 3.847458 5.319349 -546.781503
1.531579 3.949153 5.420607 -546.784059
1.647368 3.949153 5.533177 -546.782930
3.152632 3.949153 7.006152 -546.780710
1.647368 4.050847 5.634405 -546.785255
3.384211 4.050847 7.334474 -546.781018
1.415789 4.152542 5.510828 -546.780649
3.500000 4.152542 7.548936 -546.780736
1.415789 4.254237 5.612175 -546.781374
1.415789 4.355932 5.713534 -546.781798
1.415789 4.457627 5.814905 -546.781946
1.415789 4.559322 5.916287 -546.781922
1.531579 4.559322 6.028463 -546.789377
1.647368 4.559322 6.140772 -546.790637
1.415789 4.661017 6.017680 -546.781791
1.531579 4.661017 6.129817 -546.789591
1.647368 4.661017 6.242087 -546.791023
1.415789 4.762712 6.119082 -546.781596
1.531579 4.762712 6.231182 -546.789734
1.415789 4.864407 6.220495 -546.781361
1.531579 4.864407 6.332558 -546.789837
1.415789 4.966102 6.321916 -546.781110
1.531579 4.966102 6.433943 -546.789909
1.647368 4.966102 6.546102 -546.791711
1.415789 5.067797 6.423346 -546.780865
1.647368 5.067797 6.647462 -546.791853
1.415789 5.169492 6.524784 -546.780618
1.647368 5.169492 6.748832 -546.791977
1.415789 5.271186 6.626230 -546.780380
1.531579 5.881356 7.346800 -546.790102
1.531579 5.983051 7.448265 -546.790111
1.531579 6.084746 7.549736 -546.790120
1.647368 6.084746 7.661550 -546.792505
1.531579 6.186441 7.651213 -546.790127
1.647368 6.186441 7.763000 -546.792547
1.531579 6.288136 7.752696 -546.790136
1.647368 6.288136 7.864457 -546.792591
1.531579 6.389831 7.854184 -546.790143
1.647368 6.389831 7.965919 -546.792629
1.531579 6.491525 7.955677 -546.790152
1.647368 6.491525 8.067387 -546.792670
1.531579 6.593220 8.057176 -546.790159
1.647368 6.593220 8.168861 -546.792707
1.531579 6.694915 8.158679 -546.790167
1.647368 6.694915 8.270341 -546.792738
1.531579 6.796610 8.260188 -546.790174
1.647368 6.796610 8.371825 -546.792772
1.531579 6.898305 8.361700 -546.790181
1.647368 6.898305 8.473315 -546.792800
1.531579 7.000000 8.463217 -546.790188
1.647368 7.000000 8.574809 -546.792829
3.036842 2.118644 5.002810 -546.783907
3.036842 2.220339 5.100253 -546.786782
3.152632 2.220339 5.213585 -546.787162
3.036842 2.322034 5.197859 -546.783062
3.152632 2.322034 5.311058 -546.793780
3.268421 2.322034 5.424366 -546.783235
3.152632 2.423729 5.408686 -546.792578
3.268421 2.423729 5.521866 -546.791869
3.152632 2.525424 5.506461 -546.789207
3.268421 2.525424 5.619515 -546.797331
3.384211 2.525424 5.732679 -546.785236
3.268421 2.627119 5.717306 -546.798876
3.384211 2.627119 5.830347 -546.790381
3.268421 2.728814 5.815230 -546.797908
3.384211 2.728814 5.928151 -546.794380
3.500000 2.728814 6.041181 -546.780193
3.384211 2.830508 6.026083 -546.796961
3.500000 2.830508 6.138997 -546.784086
2.342105 3.135593 5.313654 -546.782655
2.457895 3.135593 5.424880 -546.783929
2.573684 3.135593 5.536294 -546.782940
2.689474 3.135593 5.647883 -546.781301
3.384211 3.135593 6.320594 -546.798252
3.384211 3.237288 6.418984 -546.795472
3.384211 3.338983 6.517475 -546.791407
3.384211 3.440678 6.616063 -546.786514
1.531579 3.644068 5.044003 -546.782066
1.531579 3.745763 5.144651 -546.784822
1.647368 3.745763 5.253419 -546.781938
1.415789 4.152542 5.439590 -546.780589
1.415789 4.254237 5.540516 -546.781083
1.415789 4.355932 5.641470 -546.781336
1.415789 4.457627 5.742449 -546.781402
1.415789 4.559322 5.843454 -546.781346
1.415789 4.661017 5.944482 -546.781213
1.415789 4.762712 6.045532 -546.781034
1.531579 4.762712 6.153027 -546.789944
1.415789 4.864407 6.146604 -546.780832
1.531579 4.864407 6.254018 -546.789981
1.531579 6.389831 7.771078 -546.790153
1.531579 6.491525 7.872331 -546.790161
1.647368 6.491525 7.978959 -546.792721
1.531579 6.593220 7.973594 -546.790168
1.647368 6.593220 8.080168 -546.792754
1.531579 6.694915 8.074869 -546.790176
1.647368 6.694915 8.181389 -546.792785
1.531579 6.796610 8.176154 -546.790183
1.647368 6.796610 8.282622 -546.792813
1.531579 6.898305 8.277448 -546.790190
1.647368 6.898305 8.383866 -546.792840
1.531579 7.000000 8.378753 -546.790196
1.647368 7.000000 8.485120 -546.792866
1.531579 3.338983 4.643893 -546.780143
1.531579 3.440678 4.743524 -546.783710
1.415789 4.050847 5.240754 -546.780281
1.415789 4.152542 5.341065 -546.780700
1.415789 4.254237 5.441429 -546.780910
1.415789 4.355932 5.541840 -546.780970
1.415789 4.457627 5.642298 -546.780929
1.531579 6.694915 7.959333 -546.790186
1.531579 6.796610 8.060325 -546.790193
1.647368 6.796610 8.159595 -546.792860
1.531579 6.898305 8.161333 -546.790200
1.647368 6.898305 8.260515 -546.792886
1.531579 7.000000 8.262358 -546.790206
1.647368 7.000000 8.361453 -546.792909
1.531579 3.135593 4.322366 -546.783015
1.531579 3.237288 4.420624 -546.785707
1.415789 3.949153 5.017356 -546.780354
1.415789 4.050847 5.116878 -546.780594
1.415789 4.152542 5.216485 -546.780697
1.415789 4.254237 5.316171 -546.780693
1.531579 7.000000 8.115915 -546.790217
1.531579 2.830508 3.885835 -546.781947
1.415789 3.745763 4.672939 -546.780352
1.415789 3.847458 4.771378 -546.780528
1.415789 3.949153 4.869951 -546.780596
1.415789 4.050847 4.968650 -546.780573
1.415789 3.440678 4.213818 -546.780193
1.415789 3.542373 4.310693 -546.780446
1.415789 3.644068 4.407785 -546.780570
1.415789 3.745763 4.505080 -546.780582
1.531579 7.000000 7.743315 -546.790238
1.415789 3.237288 3.838590 -546.780260
1.415789 3.338983 3.933730 -546.780473
1.647368 3.338983 4.069795 -546.791284
1.415789 3.440678 4.029191 -546.780549
1.647368 3.440678 4.163525 -546.791518
1.531579 3.542373 4.190211 -546.790351
1.647368 3.542373 4.257621 -546.791684
1.531579 3.644068 4.285459 -546.790270
1.531579 6.796610 7.324645 -546.790239
1.647368 6.796610 7.375968 -546.789507
1.531579 6.898305 7.424258 -546.790244
1.647368 6.898305 7.475283 -546.793063
1.531579 7.000000 7.523926 -546.790249
1.647368 7.000000 7.574661 -546.793076
1.415789 3.440678 3.827174 -546.780334
1.415789 3.542373 3.921885 -546.780241
1.531579 6.491525 6.791737 -546.790235
1.647368 6.491525 6.827878 -546.793043
1.531579 6.593220 6.890868 -546.790240
1.531579 6.694915 6.990073 -546.790244
1.531579 6.796610 7.089349 -546.790249
1.531579 6.898305 7.188692 -546.790253
1.531579 7.000000 7.288101 -546.790258
1.647368 2.525424 2.899048 -546.788057
1.647368 2.627119 2.983420 -546.789544
1.647368 2.728814 3.068843 -546.789939
1.415789 3.135593 3.332148 -546.780062
1.415789 3.237288 3.424547 -546.780093
1.531579 6.084746 6.150667 -546.790224
1.531579 6.186441 6.249232 -546.790230
1.531579 6.288136 6.347895 -546.790235
1.647368 6.288136 6.367387 -546.789508
1.531579 6.389831 6.446653 -546.790240
1.531579 6.491525 6.545501 -546.790245
1.531579 6.593220 6.644435 -546.790249
1.531579 6.694915 6.743450 -546.790254
1.531579 6.796610 6.842545 -546.790258
1.531579 6.898305 6.941714 -546.790262
1.531579 2.118644 2.289378 -546.783117
1.531579 2.220339 2.367706 -546.788470
1.531579 2.322034 2.447753 -546.790502
1.647368 2.322034 2.495512 -546.783877
1.531579 2.423729 2.529357 -546.791259
1.647368 2.423729 2.574480 -546.786889
1.531579 2.525424 2.612370 -546.791285
1.647368 2.525424 2.654995 -546.788935
1.531579 2.627119 2.696664 -546.791103
1.647368 2.627119 2.736921 -546.789612
1.531579 2.728814 2.782121 -546.790863
1.647368 2.728814 2.820134 -546.790459
1.531579 2.830508 2.868637 -546.790679
1.647368 2.830508 2.904524 -546.790965
1.531579 2.932203 2.956121 -546.790502
1.647368 2.932203 2.989991 -546.791372
1.531579 3.033898 3.044487 -546.790373
1.647368 3.033898 3.076445 -546.791650
1.531579 3.135593 3.133662 -546.790272
1.647368 3.135593 3.163806 -546.791863
1.647368 3.237288 3.252000 -546.792019
1.531579 5.576271 5.408086 -546.790207
1.531579 5.677966 5.505945 -546.790213
1.647368 5.677966 5.510057 -546.789450
1.531579 5.779661 5.603939 -546.790219
1.647368 5.779661 5.607464 -546.793008
1.531579 5.881356 5.702064 -546.790224
1.531579 5.983051 5.800311 -546.790230
1.531579 6.084746 5.898676 -546.786374
1.531579 6.186441 5.997151 -546.790240
1.647368 6.186441 5.998518 -546.793068
1.531579 6.288136 6.095732 -546.790245
1.647368 6.288136 6.096603 -546.793081
1.531579 6.389831 6.194414 -546.790249
1.647368 6.389831 6.194804 -546.793093
1.531579 6.491525 6.293192 -546.790253
1.531579 6.593220 6.392061 -546.790258
1.531579 6.796610 6.590058 -546.790266
1.531579 6.898305 6.689177 -546.790269
1.531579 7.000000 6.788373 -546.790273
1.531579 2.118644 2.056085 -546.783470
1.647368 2.220339 2.169136 -546.780418
1.531579 2.322034 2.209166 -546.789618
1.647368 2.322034 2.243323 -546.784882
1.531579 2.423729 2.288646 -546.790310
1.647368 2.423729 2.319596 -546.787594
1.531579 2.525424 2.369826 -546.790498
1.647368 2.525424 2.397757 -546.788774
1.531579 2.627119 2.452536 -546.790482
1.647368 2.627119 2.477627 -546.790013
1.531579 2.728814 2.536626 -546.790414
1.647368 2.728814 2.559046 -546.790720
1.531579 2.830508 2.621964 -546.790336
1.647368 2.830508 2.641870 -546.791205
1.531579 2.932203 2.708432 -546.790260
1.647368 2.932203 2.725972 -546.791574
1.531579 3.033898 2.795924 -546.790202
1.647368 3.033898 2.811237 -546.791816
1.531579 3.135593 2.884349 -546.790157
1.647368 3.135593 2.897563 -546.791997
1.531579 3.237288 2.973622 -546.790125
1.647368 3.237288 2.984857 -546.792138
1.531579 3.338983 3.063669 -546.790104
1.647368 3.338983 3.073036 -546.792261
1.531579 3.440678 3.154425 -546.790092
1.647368 3.440678 3.162027 -546.792354
1.647368 3.542373 3.251764 -546.792434
1.647368 4.966102 4.561080 -546.792890
1.531579 5.067797 4.668254 -546.790186
1.647368 5.067797 4.657172 -546.792913
1.531579 5.169492 4.765348 -546.790193
1.531579 5.271186 4.862630 -546.790200
1.647368 5.271186 4.850043 -546.792955
1.531579 5.372881 4.960090 -546.790206
1.531579 5.474576 5.057716 -546.790212
1.647368 5.474576 5.043740 -546.792991
1.531579 5.576271 5.155500 -546.790218
1.531579 5.677966 5.253432 -546.790223
1.647368 5.677966 5.238172 -546.793025
1.531579 5.779661 5.351504 -546.790228
1.647368 5.779661 5.335638 -546.789497
1.531579 5.881356 5.449709 -546.790234
1.531579 5.983051 5.548040 -546.790239
1.531579 6.084746 5.646490 -546.790243
1.531579 6.186441 5.745053 -546.790248
1.531579 6.288136 5.843724 -546.790253
1.531579 6.389831 5.942496 -546.790257
1.531579 6.491525 6.041365 -546.790261
1.531579 6.593220 6.140327 -546.790265
1.531579 6.694915 6.239377 -546.790269
1.531579 6.796610 6.338510 -546.790272
1.531579 6.898305 6.437723 -546.790276
1.531579 2.118644 1.812411 -546.782958
1.531579 2.220339 1.885659 -546.786604
1.647368 2.220339 1.908551 -546.781247
1.531579 2.322034 1.961445 -546.788431
1.647368 2.322034 1.980213 -546.785294
1.531579 2.423729 2.039487 -546.789335
1.647368 2.423729 2.054411 -546.788119
1.531579 2.525424 2.119536 -546.789709
1.647368 2.525424 2.130879 -546.789066
1.531579 2.627119 2.201373 -546.789913
1.647368 2.627119 2.209383 -546.790189
1.531579 2.728814 2.284805 -546.790001
1.647368 2.728814 2.289713 -546.790838
1.531579 2.830508 2.369665 -546.790044
1.647368 2.830508 2.371683 -546.791349
1.531579 2.932203 2.455803 -546.790060
1.647368 2.932203 2.455130 -546.791660
1.531579 3.033898 2.543092 -546.790064
1.647368 3.033898 2.539906 -546.791919
1.531579 3.135593 2.631414 -546.790063
1.647368 3.135593 2.625885 -546.792108
1.531579 3.237288 2.720671 -546.790064
1.647368 3.237288 2.712951 -546.792234
1.531579 3.338983 2.810774 -546.790066
1.647368 3.338983 2.801003 -546.792352
1.531579 3.440678 2.901642 -546.790071
1.647368 3.440678 2.889950 -546.792436
1.531579 3.542373 2.993207 -546.790078
1.647368 3.542373 2.979714 -546.792518
1.531579 3.644068 3.085407 -546.790086
1.647368 3.644068 3.070221 -546.792580
1.531579 3.745763 3.178186 -546.790095
1.647368 3.745763 3.161409 -546.792643
1.531579 3.847458 3.271495 -546.790103
1.647368 3.847458 3.253220 -546.792691
1.531579 3.949153 3.365290 -546.790113
1.647368 3.949153 3.345603 -546.792741
1.531579 4.050847 3.459531 -546.790121
1.647368 4.050847 3.438511 -546.792783
1.531579 4.152542 3.554183 -546.790130
1.647368 4.152542 3.531903 -546.792821
1.531579 4.254237 3.649215 -546.790138
1.647368 4.254237 3.625742 -546.792856
1.531579 4.355932 3.744596 -546.790146
1.647368 4.355932 3.719995 -546.792888
1.531579 4.457627 3.840302 -546.790154
1.647368 4.457627 3.814629 -546.792918
1.531579 4.559322 3.936307 -546.790162
1.647368 4.559322 3.909618 -546.792947
1.531579 4.661017 4.032592 -546.790169
1.647368 4.661017 4.004936 -546.792857
1.531579 4.762712 4.129136 -546.790177
1.647368 4.762712 4.100561 -546.792882
1.531579 4.864407 4.225922 -546.790184
1.647368 4.864407 4.196471 -546.792905
1.531579 4.966102 4.322933 -546.790191
1.647368 4.966102 4.292648 -546.792929
1.531579 5.067797 4.420155 -546.790197
1.531579 5.169492 4.517573 -546.790204
1.647368 5.169492 4.485731 -546.789429
1.531579 5.271186 4.615177 -546.790210
1.531579 5.372881 4.712953 -546.790216
1.647368 5.372881 4.679687 -546.789464
1.531579 5.474576 4.810891 -546.790221
1.647368 5.474576 4.776960 -546.793020
1.531579 5.576271 4.908983 -546.790227
1.531579 5.677966 5.007218 -546.790232
1.531579 5.779661 5.105589 -546.790237
1.647368 5.779661 5.069819 -546.789523
1.531579 5.881356 5.204087 -546.790242
1.531579 5.983051 5.302707 -546.790246
1.531579 6.084746 5.401440 -546.790251
1.647368 6.186441 5.462380 -546.793115
1.531579 6.288136 5.599224 -546.790259
1.531579 6.389831 5.698265 -546.790263
1.531579 6.491525 5.797397 -546.790267
1.531579 6.593220 5.896616 -546.790271
1.531579 6.694915 5.995919 -546.790275
1.531579 6.796610 6.095300 -546.790278
1.531579 6.898305 6.194756 -546.790282
1.531579 2.118644 1.561731 -546.781641
1.531579 2.220339 1.633793 -546.785187
1.647368 2.220339 1.639854 -546.781535
1.531579 2.322034 1.708870 -546.787229
1.647368 2.322034 1.710008 -546.785751
1.531579 2.423729 1.786583 -546.788278
1.647368 2.423729 1.783205 -546.787669
1.531579 2.525424 1.866602 -546.788967
1.647368 2.525424 1.859084 -546.789309
1.531579 2.627119 1.948644 -546.789354
1.647368 2.627119 1.937331 -546.790295
1.531579 2.728814 2.032463 -546.789623
1.647368 2.728814 2.017671 -546.790999
1.531579 2.830508 2.117848 -546.789776
1.647368 2.830508 2.099862 -546.791448
1.531579 2.932203 2.204618 -546.789883
1.647368 2.932203 2.183697 -546.791784
1.531579 3.033898 2.292615 -546.789942
1.647368 3.033898 2.268992 -546.791995
1.531579 3.135593 2.381704 -546.789986
1.647368 3.135593 2.355590 -546.792177
1.531579 3.237288 2.471765 -546.790015
1.647368 3.237288 2.443351 -546.792308
1.531579 3.338983 2.562698 -546.790039
1.647368 3.338983 2.532155 -546.792418
1.531579 3.440678 2.654411 -546.790056
1.647368 3.440678 2.621896 -546.792504
1.531579 3.542373 2.746827 -546.790073
1.647368 3.542373 2.712480 -546.792581
1.531579 3.644068 2.839878 -546.790087
1.647368 3.644068 2.803827 -546.792643
1.531579 3.745763 2.933502 -546.790101
1.647368 3.745763 2.895863 -546.792700
1.531579 3.847458 3.027648 -546.790112
1.647368 3.847458 2.988526 -546.792748
1.531579 3.949153 3.122266 -546.790123
1.647368 3.949153 3.081758 -546.792790
1.531579 4.050847 3.217317 -546.790132
1.647368 4.050847 3.175510 -546.792829
1.531579 4.152542 3.312762 -546.790142
1.647368 4.152542 3.269737 -546.792866
1.531579 4.254237 3.408569 -546.790150
1.647368 4.254237 3.364399 -546.792899
1.531579 4.355932 3.504707 -546.790158
1.647368 4.355932 3.459459 -546.792928
1.531579 4.457627 3.601151 -546.790166
1.647368 4.457627 3.554888 -546.792842
1.531579 4.559322 3.697876 -546.790173
1.647368 4.559322 3.650654 -546.792867
1.531579 4.661017 3.794861 -546.790181
1.647368 4.661017 3.746733 -546.792893
1.531579 4.762712 3.892087 -546.790188
1.647368 4.762712 3.843101 -546.792916
1.531579 4.864407 3.989535 -546.790194
1.647368 4.864407 3.939737 -546.792937
1.531579 4.966102 4.087190 -546.790201
1.647368 4.966102 4.036621 -546.789418
1.531579 5.067797 4.185038 -546.790207
1.531579 5.169492 4.283065 -546.790213
1.531579 5.271186 4.381259 -546.790219
1.647368 5.271186 4.328598 -546.789472
1.531579 5.372881 4.479609 -546.790224
1.647368 5.372881 4.426317 -546.789488
1.531579 5.474576 4.578106 -546.790230
1.647368 5.474576 4.524211 -546.789503
1.531579 5.576271 4.676739 -546.790235
1.647368 5.576271 4.622269 -546.793060
1.531579 5.677966 4.775501 -546.790240
1.647368 5.677966 4.720481 -546.793074
1.531579 5.779661 4.874383 -546.790244
1.647368 5.779661 4.818838 -546.789542
1.531579 5.881356 4.973379 -546.790249
1.531579 5.983051 5.072482 -546.790253
1.531579 6.084746 5.171685 -546.790257
1.647368 6.084746 5.114691 -546.793122
1.531579 6.288136 5.370371 -546.790265
1.531579 6.389831 5.469844 -546.790269
1.531579 6.491525 5.569397 -546.790273
1.531579 6.593220 5.669026 -546.790276
1.531579 6.694915 5.768727 -546.790280
1.531579 6.796610 5.868497 -546.790283
1.531579 2.118644 1.308843 -546.780064
1.531579 2.220339 1.381484 -546.783582
1.647368 2.220339 1.367781 -546.781822
1.531579 2.322034 1.457605 -546.785899
1.647368 2.322034 1.438177 -546.786004
1.531579 2.423729 1.536687 -546.787280
1.647368 2.423729 1.512139 -546.787866
1.531579 2.525424 1.618298 -546.788203
1.647368 2.525424 1.589170 -546.789389
1.531579 2.627119 1.702073 -546.788824
1.647368 2.627119 1.668844 -546.790385
1.531579 2.728814 1.787708 -546.789267
1.647368 2.728814 1.750801 -546.791085
1.531579 2.830508 1.874948 -546.789537
1.647368 2.830508 1.834734 -546.791534
1.531579 2.932203 1.963580 -546.789716
1.647368 2.932203 1.920385 -546.791849
1.531579 3.033898 2.053423 -546.789835
1.647368 3.033898 2.007534 -546.792074
1.531579 3.135593 2.144325 -546.789921
1.647368 3.135593 2.095994 -546.792249
1.531579 3.237288 2.236156 -546.789975
1.647368 3.237288 2.185606 -546.792375
1.531579 3.338983 2.328808 -546.790014
1.647368 3.338983 2.276234 -546.792476
1.531579 3.440678 2.422185 -546.790046
1.647368 3.440678 2.367760 -546.792564
1.531579 3.542373 2.516207 -546.790071
1.647368 3.542373 2.460086 -546.792636
1.531579 3.644068 2.610804 -546.790090
1.647368 3.644068 2.553123 -546.792694
1.531579 3.745763 2.705916 -546.790106
1.647368 3.745763 2.646798 -546.792746
1.531579 3.847458 2.801491 -546.790120
1.647368 3.847458 2.741044 -546.792791
1.531579 3.949153 2.897482 -546.790132
1.647368 3.949153 2.835805 -546.792834
1.531579 4.050847 2.993850 -546.790143
1.647368 4.050847 2.931031 -546.792870
1.531579 4.152542 3.090560 -546.790152
1.647368 4.152542 3.026678 -546.792904
1.531579 4.254237 3.187579 -546.790160
1.647368 4.254237 3.122707 -546.792934
1.531579 4.355932 3.284882 -546.790169
1.647368 4.355932 3.219084 -546.792847
1.531579 4.457627 3.382443 -546.790176
1.647368 4.457627 3.315778 -546.792873
1.531579 4.559322 3.480241 -546.790183
1.647368 4.559322 3.412764 -546.792898
1.531579 4.661017 3.578256 -546.790190
1.647368 4.661017 3.510016 -546.792921
1.531579 4.762712 3.676471 -546.790197
1.647368 4.762712 3.607513 -546.792943
1.531579 4.864407 3.774870 -546.790203
1.531579 4.966102 3.873439 -546.790209
1.531579 5.067797 3.972166 -546.790215
1.647368 5.067797 3.901290 -546.789460
1.531579 5.169492 4.071039 -546.790221
1.647368 5.169492 3.999592 -546.789477
1.531579 5.271186 4.170048 -546.790226
1.647368 5.271186 4.098059 -546.789493
1.531579 5.372881 4.269183 -546.790231
1.531579 5.474576 4.368436 -546.790236
1.531579 5.576271 4.467799 -546.790241
1.647368 5.576271 4.394344 -546.793078
1.531579 5.677966 4.567264 -546.790246
1.531579 5.779661 4.666826 -546.790250
1.531579 6.084746 4.966029 -546.790262
1.531579 6.186441 5.065919 -546.790266
1.531579 6.288136 5.165880 -546.790270
1.531579 6.389831 5.265907 -546.790273
1.531579 6.491525 5.365997 -546.790277
1.531579 6.593220 5.466146 -546.790280
1.531579 6.694915 5.566351 -546.790284
1.531579 2.220339 1.137594 -546.781902
1.647368 2.220339 1.099999 -546.781639
1.531579 2.322034 1.217412 -546.784564
1.647368 2.322034 1.173567 -546.785557
1.531579 2.423729 1.300288 -546.786285
1.647368 2.423729 1.251081 -546.787957
1.531579 2.525424 1.385673 -546.787544
1.647368 2.525424 1.331853 -546.789528
1.531579 2.627119 1.473131 -546.788394
1.647368 2.627119 1.415325 -546.790534
1.531579 2.728814 1.562314 -546.788965
1.647368 2.728814 1.501047 -546.791196
1.531579 2.830508 1.652942 -546.789345
1.647368 2.830508 1.588654 -546.791641
1.531579 2.932203 1.744790 -546.789596
1.647368 2.932203 1.677851 -546.791948
1.531579 3.033898 1.837675 -546.789754
1.647368 3.033898 1.768398 -546.792158
1.531579 3.135593 1.931449 -546.789867
1.647368 3.135593 1.860098 -546.792318
1.531579 3.237288 2.025986 -546.789944
1.647368 3.237288 1.952788 -546.792440
1.531579 3.338983 2.121186 -546.789998
1.647368 3.338983 2.046333 -546.792535
1.531579 3.440678 2.216963 -546.790037
1.647368 3.440678 2.140621 -546.792613
1.531579 3.542373 2.313245 -546.790068
1.647368 3.542373 2.235559 -546.792679
1.531579 3.644068 2.409972 -546.790088
1.647368 3.644068 2.331068 -546.792729
1.531579 3.745763 2.507092 -546.790108
1.647368 3.745763 2.427078 -546.792779
1.531579 3.847458 2.604561 -546.790124
1.647368 3.847458 2.523535 -546.792823
1.531579 3.949153 2.702342 -546.790138
1.647368 3.949153 2.620387 -546.792863
1.531579 4.050847 2.800402 -546.790149
1.647368 4.050847 2.717593 -546.792899
1.531579 4.152542 2.898712 -546.790159
1.647368 4.152542 2.815116 -546.792932
1.531579 4.254237 2.997248 -546.790168
1.647368 4.254237 2.912925 -546.792844
1.531579 4.355932 3.095988 -546.790176
1.647368 4.355932 3.010991 -546.792871
1.531579 4.457627 3.194914 -546.790183
1.647368 4.457627 3.109291 -546.792897
1.531579 4.559322 3.294008 -546.790191
1.647368 4.559322 3.207802 -546.792921
1.531579 4.661017 3.393256 -546.790197
1.647368 4.661017 3.306505 -546.792943
1.531579 4.762712 3.492645 -546.790204
1.531579 4.864407 3.592163 -546.790210
1.531579 4.966102 3.691800 -546.790216
1.531579 5.067797 3.791546 -546.790221
1.647368 5.067797 3.702940 -546.793019
1.531579 5.169492 3.891393 -546.790227
1.647368 5.169492 3.802390 -546.789494
1.531579 5.271186 3.991333 -546.790232
1.531579 5.372881 4.091360 -546.790237
1.531579 5.474576 4.191467 -546.790241
1.531579 5.576271 4.291648 -546.790246
1.647368 5.576271 4.201265 -546.789547
1.531579 5.677966 4.391899 -546.790250
1.531579 5.983051 4.693026 -546.790263
1.531579 6.084746 4.793512 -546.790266
1.531579 6.186441 4.894049 -546.790270
1.531579 6.288136 4.994632 -546.790274
1.531579 6.389831 5.095260 -546.790277
1.531579 6.491525 5.195929 -546.790281
1.531579 6.593220 5.296638 -546.790284
1.531579 2.220339 0.918096 -546.780213
1.647368 2.220339 0.851273 -546.781098
1.531579 2.322034 1.005091 -546.783424
1.647368 2.322034 0.932576 -546.785634
1.531579 2.423729 1.094623 -546.785532
1.647368 2.423729 1.017553 -546.788118
1.531579 2.525424 1.186117 -546.787048
1.647368 2.525424 1.105357 -546.789705
1.531579 2.627119 1.279152 -546.787997
1.647368 2.627119 1.195365 -546.790621
1.531579 2.728814 1.373416 -546.788729
1.647368 2.728814 1.287115 -546.791296
1.531579 2.830508 1.468672 -546.789193
1.647368 2.830508 1.380260 -546.791730
1.531579 2.932203 1.564739 -546.789477
1.647368 2.932203 1.474534 -546.792003
1.531579 3.033898 1.661475 -546.789693
1.647368 3.033898 1.569736 -546.792222
1.531579 3.135593 1.758772 -546.789829
1.647368 3.135593 1.665705 -546.792375
1.531579 3.237288 1.856539 -546.789914
1.647368 3.237288 1.762316 -546.792481
1.531579 3.338983 1.954708 -546.789980
1.647368 3.338983 1.859470 -546.792573
1.531579 3.440678 2.053219 -546.790026
1.647368 3.440678 1.957085 -546.792644
1.531579 3.542373 2.152027 -546.790062
1.647368 3.542373 2.055096 -546.792708
1.531579 3.644068 2.251092 -546.790089
1.647368 3.644068 2.153448 -546.792763
1.531579 3.745763 2.350382 -546.790110
1.647368 3.745763 2.252098 -546.792808
1.531579 3.847458 2.449869 -546.790128
1.647368 3.847458 2.351007 -546.792851
1.531579 3.949153 2.549530 -546.790143
1.647368 3.949153 2.450144 -546.792890
1.531579 4.050847 2.649346 -546.790154
1.647368 4.050847 2.549482 -546.792922
1.531579 4.152542 2.749300 -546.790165
1.647368 4.152542 2.649000 -546.792837
1.531579 4.254237 2.849376 -546.790173
1.647368 4.254237 2.748677 -546.792864
1.531579 4.355932 2.949564 -546.790181
1.647368 4.355932 2.848496 -546.792891
1.531579 4.457627 3.049851 -546.790189
1.647368 4.457627 2.948444 -546.792916
1.531579 4.559322 3.150229 -546.790196
1.647368 4.559322 3.048507 -546.792937
1.531579 4.661017 3.250688 -546.790202
1.531579 4.762712 3.351222 -546.790208
1.531579 4.864407 3.451824 -546.790214
1.647368 4.966102 3.449714 -546.789475
1.531579 5.067797 3.653209 -546.790225
1.647368 5.067797 3.550214 -546.793031
1.531579 5.169492 3.753983 -546.790231
1.531579 5.271186 3.854805 -546.790236
1.531579 5.372881 3.955672 -546.790241
1.531579 5.474576 4.056580 -546.790245
1.647368 5.474576 3.952826 -546.789546
1.531579 5.576271 4.157527 -546.790249
1.647368 5.576271 4.053608 -546.793100
1.531579 5.779661 4.359524 -546.790258
1.531579 5.881356 4.460571 -546.790262
1.531579 5.983051 4.561646 -546.790266
1.531579 6.186441 4.763875 -546.790273
1.531579 6.288136 4.865026 -546.790277
1.531579 6.389831 4.966199 -546.790280
1.531579 6.491525 5.067393 -546.790283
1.647368 2.220339 0.654269 -546.780800
1.531579 2.322034 0.849604 -546.782560
1.647368 2.322034 0.748008 -546.785419
1.531579 2.423729 0.947200 -546.785016
1.647368 2.423729 0.843592 -546.788176
1.531579 2.525424 1.045578 -546.786686
1.647368 2.525424 0.940459 -546.789718
1.531579 2.627119 1.144536 -546.787798
1.647368 2.627119 1.038250 -546.790771
1.531579 2.728814 1.243935 -546.788566
1.647368 2.728814 1.136726 -546.791372
1.531579 2.830508 1.343678 -546.789079
1.647368 2.830508 1.235723 -546.791779
1.531579 2.932203 1.443693 -546.789415
1.647368 2.932203 1.335126 -546.792057
1.531579 3.033898 1.543927 -546.789643
1.647368 3.033898 1.434851 -546.792256
1.531579 3.135593 1.644342 -546.789794
1.647368 3.135593 1.534833 -546.792401
1.531579 3.237288 1.744904 -546.789895
1.647368 3.237288 1.635028 -546.792509
1.531579 3.338983 1.845590 -546.789967
1.647368 3.338983 1.735396 -546.792596
1.531579 3.440678 1.946382 -546.790019
1.647368 3.440678 1.835911 -546.792667
1.531579 3.542373 2.047262 -546.790057
1.647368 3.542373 1.936549 -546.792726
1.531579 3.644068 2.148220 -546.790087
1.647368 3.644068 2.037292 -546.792779
1.531579 3.745763 2.249244 -546.790110
1.647368 3.745763 2.138125 -546.792825
1.531579 3.847458 2.350326 -546.790128
1.647368 3.847458 2.239036 -546.792865
1.531579 3.949153 2.451458 -546.790145
1.647368 3.949153 2.340015 -546.792905
1.531579 4.050847 2.552636 -546.790157
1.647368 4.050847 2.441053 -546.792821
1.531579 4.152542 2.653852 -546.790168
1.647368 4.152542 2.542144 -546.792851
1.531579 4.254237 2.755104 -546.790177
1.531579 4.355932 2.856388 -546.790185
1.647368 4.355932 2.744459 -546.792903
1.531579 4.457627 2.957700 -546.790192
1.531579 4.762712 3.261778 -546.786351
1.647368 4.762712 3.149505 -546.792988
1.531579 4.864407 3.363178 -546.790217
1.647368 4.966102 3.352185 -546.789483
1.531579 5.067797 3.566028 -546.790228
1.647368 5.067797 3.453557 -546.789498
1.531579 5.271186 3.768936 -546.790238
1.531579 5.372881 3.870409 -546.790243
1.531579 5.474576 3.971894 -546.790248
1.647368 5.474576 3.859213 -546.789552
1.531579 5.576271 4.073389 -546.790252
1.531579 5.677966 4.174894 -546.790256
1.531579 5.881356 4.377930 -546.790264
1.531579 5.983051 4.479460 -546.790268
1.531579 6.084746 4.580997 -546.790271
1.531579 6.186441 4.682541 -546.790275
1.531579 6.288136 4.784092 -546.790278
1.531579 6.389831 4.885648 -546.790281
1.531579 6.491525 4.987211 -546.790284
