r1 r2 r3 energy
3.384211 2.016949 5.383896 0.034066
3.500000 2.016949 5.499470 0.038965
3.384211 2.118644 5.485055 0.039779
3.500000 2.118644 5.600615 0.021716
3.500000 2.220339 5.701780 0.023523
2.110526 3.440678 5.533334 0.032401
1.415789 3.542373 4.944347 0.027516
2.110526 3.542373 5.634832 0.031971
2.226316 3.542373 5.750013 0.023715
1.415789 3.644068 5.045932 0.019260
1.531579 3.644068 5.160918 0.031954
2.226316 3.644068 5.851505 0.020714
2.342105 3.644068 5.966696 0.017975
1.415789 3.745763 5.147520 0.014016
1.531579 3.745763 5.262494 0.024028
2.226316 3.745763 5.953003 0.033016
2.342105 3.745763 6.068182 0.015397
2.457895 3.745763 6.183383 0.015147
1.300000 3.847458 5.134188 0.039459
1.415789 3.847458 5.249113 0.010494
1.531579 3.847458 5.364075 0.019770
2.342105 3.847458 6.169675 0.027222
2.457895 3.847458 6.284864 0.010412
2.573684 3.847458 6.400075 0.013250
1.300000 3.949153 5.235796 0.037367
1.415789 3.949153 5.350709 0.007703
1.531579 3.949153 5.465659 0.016219
1.647368 3.949153 5.580644 0.038672
2.457895 3.949153 6.386351 0.023401
2.573684 3.949153 6.501550 0.008329
2.689474 3.949153 6.616770 0.011124
1.300000 4.050847 5.337408 0.036077
1.415789 4.050847 5.452310 0.005900
1.531579 4.050847 5.567248 0.013832
1.647368 4.050847 5.682221 0.035728
2.573684 4.050847 6.603032 0.020870
2.689474 4.050847 6.718240 0.005793
2.805263 4.050847 6.833468 0.011440
1.300000 4.152542 5.439023 0.035186
1.415789 4.152542 5.553913 0.004634
1.531579 4.152542 5.668840 0.012114
1.647368 4.152542 5.783802 0.033373
2.573684 4.152542 6.704521 0.037066
2.689474 4.152542 6.819717 0.017018
2.805263 4.152542 6.934934 0.003889
2.921053 4.152542 7.050169 0.011476
1.300000 4.254237 5.540640 0.034536
1.415789 4.254237 5.655520 0.003700
1.531579 4.254237 5.770437 0.010826
1.647368 4.254237 5.885387 0.031516
2.689474 4.254237 6.921201 0.033637
2.805263 4.254237 7.036406 0.014254
2.921053 4.254237 7.151630 0.003073
3.036842 4.254237 7.266872 0.012647
1.300000 4.355932 5.642261 0.034070
1.415789 4.355932 5.757130 0.003031
1.531579 4.355932 5.872036 0.009895
1.647368 4.355932 5.986976 0.030158
3.036842 4.355932 7.368329 0.002251
3.152632 4.355932 7.483578 0.011732
1.300000 4.457627 5.743884 0.033737
1.415789 4.457627 5.858743 0.002558
1.531579 4.457627 5.973639 0.009238
1.647368 4.457627 6.088568 0.029212
3.152632 4.457627 7.585031 0.001798
3.268421 4.457627 7.700286 0.014688
1.300000 4.559322 5.845509 0.033481
1.415789 4.559322 5.960359 0.002200
1.531579 4.559322 6.075245 0.008745
1.647368 4.559322 6.190164 0.028528
3.152632 4.559322 7.686491 0.010441
3.268421 4.559322 7.801736 0.001463
3.384211 4.559322 7.916996 0.013677
1.300000 4.661017 5.947137 0.033284
1.415789 4.661017 6.061978 0.001931
1.531579 4.661017 6.176853 0.008381
1.647368 4.661017 6.291763 0.028058
3.268421 4.661017 7.903192 0.009017
3.384211 4.661017 8.018442 0.001238
3.500000 4.661017 8.133708 0.015099
1.300000 4.762712 6.048767 0.033129
1.415789 4.762712 6.163599 0.001726
1.531579 4.762712 6.278465 0.008111
3.384211 4.762712 8.119895 0.008291
3.500000 4.762712 8.235151 0.001210
1.300000 4.864407 6.150400 0.032998
1.415789 4.864407 6.265222 0.001559
1.531579 4.864407 6.380079 0.007895
3.384211 4.864407 8.221353 0.023472
3.500000 4.864407 8.336600 0.007181
1.300000 4.966102 6.252034 0.032887
1.415789 4.966102 6.366848 0.001421
1.531579 4.966102 6.481696 0.007723
3.500000 4.966102 8.438054 0.021921
1.300000 5.067797 6.353670 0.032792
1.415789 5.067797 6.468475 0.001308
1.531579 5.067797 6.583315 0.007585
3.500000 5.067797 8.539515 0.039950
1.300000 5.169492 6.455308 0.032706
1.415789 5.169492 6.570105 0.001208
1.647368 5.169492 6.799800 0.027222
1.300000 5.271186 6.556948 0.032630
1.415789 5.271186 6.671737 0.001119
1.647368 5.271186 6.901415 0.027180
1.300000 5.372881 6.658590 0.032561
1.647368 5.372881 7.003033 0.027153
1.300000 5.474576 6.760233 0.032498
1.415789 5.474576 6.875007 0.001127
1.647368 5.474576 7.104653 0.027136
1.300000 5.576271 6.861878 0.032439
1.415789 5.576271 6.976644 0.001062
1.647368 5.576271 7.206275 0.027125
1.300000 5.677966 6.963524 0.032386
1.415789 5.677966 7.078283 0.001004
1.531579 5.677966 7.193075 0.007059
1.647368 5.677966 7.307899 0.027119
1.300000 5.779661 7.065172 0.032336
1.415789 5.779661 7.179924 0.000949
1.531579 5.779661 7.294708 0.006999
1.647368 5.779661 7.409524 0.027116
1.300000 5.881356 7.166821 0.032289
1.415789 5.881356 7.281566 0.000898
1.531579 5.881356 7.396343 0.006943
1.647368 5.881356 7.511152 0.027114
1.300000 5.983051 7.268471 0.032246
1.415789 5.983051 7.383209 0.000851
1.531579 5.983051 7.497980 0.006893
1.647368 5.983051 7.612782 0.027323
1.300000 6.084746 7.370122 0.032205
1.415789 6.084746 7.484854 0.000806
1.531579 6.084746 7.599618 0.006845
1.647368 6.084746 7.714413 0.027322
1.300000 6.186441 7.471775 0.032166
1.415789 6.186441 7.586500 0.000764
1.531579 6.186441 7.701258 0.006800
1.647368 6.186441 7.816046 0.027321
1.300000 6.288136 7.573429 0.032130
1.415789 6.288136 7.688148 0.000726
1.531579 6.288136 7.802899 0.006758
1.647368 6.288136 7.917680 0.027318
1.300000 6.389831 7.675083 0.032095
1.415789 6.389831 7.789797 0.000689
1.531579 6.389831 7.904542 0.006718
1.647368 6.389831 8.019316 0.027315
1.300000 6.491525 7.776739 0.032063
1.415789 6.491525 7.891447 0.000654
1.531579 6.491525 8.006185 0.006681
1.647368 6.491525 8.120954 0.027312
1.300000 6.593220 7.878396 0.032032
1.415789 6.593220 7.993098 0.000621
1.531579 6.593220 8.107830 0.006646
1.647368 6.593220 8.222593 0.027307
1.300000 6.694915 7.980054 0.032004
1.415789 6.694915 8.094750 0.000591
1.531579 6.694915 8.209477 0.006613
1.647368 6.694915 8.324233 0.027303
1.300000 6.796610 8.081713 0.031977
1.415789 6.796610 8.196403 0.000562
1.531579 6.796610 8.311124 0.006582
1.647368 6.796610 8.425875 0.027298
1.300000 6.898305 8.183373 0.031951
1.415789 6.898305 8.298058 0.000535
1.531579 6.898305 8.412773 0.006553
1.647368 6.898305 8.527517 0.027292
1.300000 7.000000 8.285033 0.031927
1.415789 7.000000 8.399713 0.000510
1.531579 7.000000 8.514423 0.006526
1.647368 7.000000 8.629162 0.027287
3.152632 1.915254 5.002914 0.038420
3.152632 2.016949 5.102500 0.029880
3.268421 2.016949 5.217352 0.027818
3.384211 2.016949 5.332246 0.038647
3.152632 2.118644 5.202167 0.034115
3.268421 2.118644 5.316962 0.017489
3.384211 2.118644 5.431798 0.023246
3.268421 2.220339 5.416648 0.018317
3.384211 2.220339 5.531429 0.011787
3.500000 2.220339 5.646251 0.022553
3.268421 2.322034 5.516408 0.037320
3.384211 2.322034 5.631133 0.010182
3.500000 2.322034 5.745901 0.010363
3.384211 2.423729 5.730908 0.018730
3.500000 2.423729 5.845622 0.005316
3.500000 2.525424 5.945409 0.008851
3.500000 2.627119 6.045260 0.022408
2.110526 3.237288 5.278136 0.027036
2.226316 3.237288 5.391656 0.033735
1.415789 3.338983 4.700594 0.037096
2.110526 3.338983 5.378987 0.034931
2.226316 3.338983 5.492450 0.018638
2.342105 3.338983 5.606007 0.023086
1.415789 3.440678 4.801812 0.025637
2.226316 3.440678 5.593276 0.022287
2.342105 3.440678 5.706779 0.013103
2.457895 3.440678 5.820372 0.015657
2.573684 3.440678 5.934050 0.033300
1.415789 3.542373 4.903049 0.018881
1.531579 3.542373 5.015681 0.029850
2.342105 3.542373 5.807583 0.019253
2.457895 3.542373 5.921123 0.009268
2.573684 3.542373 6.034749 0.009901
2.689474 3.542373 6.148455 0.024619
1.415789 3.644068 5.004305 0.013969
1.531579 3.644068 5.116885 0.023870
2.342105 3.644068 5.908417 0.034374
2.457895 3.644068 6.021905 0.017282
2.573684 3.644068 6.135480 0.007494
2.689474 3.644068 6.249136 0.006401
2.805263 3.644068 6.362869 0.017551
2.921053 3.644068 6.476674 0.038289
1.300000 3.745763 4.993199 0.039820
1.415789 3.745763 5.105579 0.010483
1.531579 3.745763 5.218108 0.019541
2.457895 3.745763 6.122718 0.031760
2.689474 3.745763 6.349849 0.006657
2.805263 3.745763 6.463532 0.003989
2.921053 3.745763 6.577290 0.009872
3.036842 3.745763 6.691116 0.025263
1.300000 3.847458 5.094537 0.037695
1.415789 3.847458 5.206869 0.007872
1.531579 3.847458 5.319349 0.016213
1.647368 3.847458 5.431968 0.038487
2.921053 3.847458 6.677938 0.002726
3.036842 3.847458 6.791718 0.006014
3.152632 3.847458 6.905564 0.015857
3.268421 3.847458 7.019474 0.031677
1.300000 3.949153 5.195889 0.036283
1.415789 3.949153 5.308174 0.006005
1.531579 3.949153 5.420607 0.013786
1.647368 3.949153 5.533177 0.035187
3.036842 3.949153 6.892351 0.002415
3.152632 3.949153 7.006152 0.002971
3.268421 3.949153 7.120017 0.009791
3.384211 3.949153 7.233943 0.019903
3.500000 3.949153 7.347928 0.031993
1.300000 4.050847 5.297254 0.035340
1.415789 4.050847 5.409494 0.004716
1.647368 4.050847 5.634405 0.033039
3.268421 4.050847 7.220592 0.001577
3.384211 4.050847 7.334474 0.004041
3.500000 4.050847 7.448416 0.010131
1.300000 4.152542 5.398632 0.034646
1.415789 4.152542 5.510828 0.003757
3.500000 4.152542 7.548936 0.001759
1.300000 4.254237 5.500021 0.034188
1.415789 4.254237 5.612175 0.003122
1.300000 4.355932 5.601422 0.033819
1.415789 4.355932 5.713534 0.002613
1.300000 4.457627 5.702833 0.033534
1.415789 4.457627 5.814905 0.002226
1.300000 4.559322 5.804254 0.033342
1.415789 4.559322 5.916287 0.001972
1.531579 4.559322 6.028463 0.008397
1.647368 4.559322 6.140772 0.028007
1.300000 4.661017 5.905684 0.033173
1.415789 4.661017 6.017680 0.001755
1.531579 4.661017 6.129817 0.008116
1.647368 4.661017 6.242087 0.027697
1.300000 4.762712 6.007123 0.033041
1.415789 4.762712 6.119082 0.001589
1.531579 4.762712 6.231182 0.007906
1.300000 4.864407 6.108571 0.032923
1.415789 4.864407 6.220495 0.001446
1.531579 4.864407 6.332558 0.007732
1.300000 4.966102 6.210027 0.032822
1.415789 4.966102 6.321916 0.001327
1.531579 4.966102 6.433943 0.007589
1.647368 4.966102 6.546102 0.027264
1.300000 5.067797 6.311490 0.032736
1.415789 5.067797 6.423346 0.001228
1.647368 5.067797 6.647462 0.027206
1.300000 5.169492 6.412961 0.032656
1.415789 5.169492 6.524784 0.001137
1.647368 5.169492 6.748832 0.027167
1.300000 5.271186 6.514439 0.032584
1.415789 5.271186 6.626230 0.001057
1.300000 5.677966 6.920414 0.032356
1.300000 5.779661 7.021922 0.032306
1.415789 5.779661 7.133567 0.000909
1.300000 5.881356 7.123436 0.032264
1.415789 5.881356 7.235053 0.000864
1.531579 5.881356 7.346800 0.006901
1.415789 5.983051 7.336546 0.000818
1.531579 5.983051 7.448265 0.006852
1.300000 6.084746 7.326478 0.032179
1.415789 6.084746 7.438043 0.000773
1.531579 6.084746 7.549736 0.006804
1.647368 6.084746 7.661550 0.027319
1.300000 6.186441 7.428006 0.032144
1.415789 6.186441 7.539547 0.000736
1.531579 6.186441 7.651213 0.006765
1.647368 6.186441 7.763000 0.027318
1.300000 6.288136 7.529539 0.032108
1.415789 6.288136 7.641055 0.000698
1.531579 6.288136 7.752696 0.006724
1.647368 6.288136 7.864457 0.027315
1.300000 6.389831 7.631076 0.032078
1.415789 6.389831 7.742568 0.000666
1.531579 6.389831 7.854184 0.006690
1.647368 6.389831 7.965919 0.027312
1.300000 6.491525 7.732618 0.032044
1.415789 6.491525 7.844086 0.000630
1.531579 6.491525 7.955677 0.006652
1.647368 6.491525 8.067387 0.027308
1.300000 6.593220 7.834163 0.032014
1.415789 6.593220 7.945608 0.000599
1.531579 6.593220 8.057176 0.006618
1.647368 6.593220 8.168861 0.027303
1.300000 6.694915 7.935712 0.031989
1.415789 6.694915 8.047135 0.000572
1.531579 6.694915 8.158679 0.006589
1.647368 6.694915 8.270341 0.027298
1.300000 6.796610 8.037265 0.031961
1.415789 6.796610 8.148666 0.000542
1.531579 6.796610 8.260188 0.006558
1.647368 6.796610 8.371825 0.027293
1.300000 6.898305 8.138821 0.031938
1.415789 6.898305 8.250201 0.000518
1.531579 6.898305 8.361700 0.006533
1.647368 6.898305 8.473315 0.027288
1.300000 7.000000 8.240381 0.031914
1.415789 7.000000 8.351740 0.000494
1.531579 7.000000 8.463217 0.006506
1.647368 7.000000 8.574809 0.027283
2.805263 1.915254 4.581284 0.036495
2.921053 1.915254 4.694814 0.038597
2.805263 2.016949 4.678658 0.028039
2.921053 2.016949 4.792043 0.025928
3.036842 2.016949 4.905540 0.036072
2.805263 2.118644 4.776212 0.024086
2.921053 2.118644 4.889453 0.017285
3.036842 2.118644 5.002810 0.024095
3.152632 2.118644 5.116276 0.038268
2.805263 2.220339 4.873936 0.022917
2.921053 2.220339 4.987034 0.012439
3.036842 2.220339 5.100253 0.015563
3.152632 2.220339 5.213585 0.027434
2.805263 2.322034 4.971819 0.023027
2.921053 2.322034 5.084776 0.010312
3.036842 2.322034 5.197859 0.009994
3.152632 2.322034 5.311058 0.019358
3.268421 2.322034 5.424366 0.034979
2.805263 2.423729 5.069851 0.025530
2.921053 2.423729 5.182671 0.010393
3.152632 2.423729 5.408686 0.012562
3.268421 2.423729 5.521866 0.026350
2.805263 2.525424 5.168026 0.023507
2.921053 2.525424 5.280709 0.009830
3.152632 2.525424 5.506461 0.009291
3.268421 2.525424 5.619515 0.020341
3.384211 2.525424 5.732679 0.034067
2.689474 2.627119 5.153929 0.036702
2.805263 2.627119 5.266334 0.019447
2.921053 2.627119 5.378883 0.008650
3.268421 2.627119 5.717306 0.016216
3.384211 2.627119 5.830347 0.028842
2.573684 2.728814 5.140384 0.035301
2.689474 2.728814 5.252498 0.024806
2.805263 2.728814 5.364768 0.014130
2.921053 2.728814 5.477185 0.006832
3.268421 2.728814 5.815230 0.014096
3.384211 2.728814 5.928151 0.024909
3.500000 2.728814 6.041181 0.039267
2.110526 2.830508 4.793100 0.028385
2.226316 2.830508 4.904330 0.024102
2.342105 2.830508 5.015766 0.023249
2.457895 2.830508 5.127395 0.022012
2.573684 2.830508 5.239205 0.019284
2.689474 2.830508 5.351184 0.014458
2.805263 2.830508 5.463322 0.008917
2.921053 2.830508 5.575609 0.005029
3.384211 2.830508 6.026083 0.022284
3.500000 2.830508 6.138997 0.035342
2.110526 2.932203 4.892583 0.036471
2.226316 2.932203 5.003671 0.018254
2.342105 2.932203 5.114968 0.014158
2.457895 2.932203 5.226460 0.011641
2.573684 2.932203 5.338134 0.009827
2.689474 2.932203 5.449981 0.007674
2.805263 2.932203 5.561989 0.005435
2.921053 2.932203 5.674149 0.003908
2.226316 3.033898 5.103105 0.021788
2.342105 3.033898 5.214266 0.014726
2.457895 3.033898 5.325623 0.009978
2.573684 3.033898 5.437166 0.007471
2.689474 3.033898 5.548883 0.005720
2.805263 3.033898 5.660763 0.004497
2.342105 3.135593 5.313654 0.021510
2.457895 3.135593 5.424880 0.015048
2.573684 3.135593 5.536294 0.010592
2.689474 3.135593 5.647883 0.007782
3.384211 3.135593 6.320594 0.021006
1.415789 3.237288 4.532804 0.027540
3.384211 3.237288 6.418984 0.023761
1.415789 3.338983 4.633393 0.020811
3.384211 3.338983 6.517475 0.027678
1.415789 3.440678 4.734030 0.015677
1.531579 3.440678 4.842837 0.024665
3.384211 3.440678 6.616063 0.032628
1.415789 3.542373 4.834711 0.011790
1.531579 3.542373 4.943397 0.019996
3.384211 3.542373 6.714744 0.039354
1.300000 3.644068 4.827201 0.038992
1.415789 3.644068 4.935434 0.009274
1.531579 3.644068 5.044003 0.017531
1.300000 3.745763 4.928074 0.037200
1.415789 3.745763 5.036196 0.006941
1.531579 3.745763 5.144651 0.014769
1.647368 3.745763 5.253419 0.036850
1.300000 3.847458 5.028981 0.035967
1.415789 3.847458 5.136994 0.005374
1.300000 3.949153 5.129918 0.035106
1.415789 3.949153 5.237828 0.004250
1.300000 4.050847 5.230885 0.034498
1.415789 4.050847 5.338693 0.003444
1.300000 4.152542 5.331880 0.034060
1.415789 4.152542 5.439590 0.002862
1.300000 4.254237 5.432901 0.033755
1.415789 4.254237 5.540516 0.002461
1.300000 4.355932 5.533946 0.033506
1.415789 4.355932 5.641470 0.002137
1.300000 4.457627 5.635015 0.033312
1.415789 4.457627 5.742449 0.001890
1.300000 4.559322 5.736106 0.033155
1.415789 4.559322 5.843454 0.001697
1.300000 4.661017 5.837218 0.033025
1.415789 4.661017 5.944482 0.001540
1.300000 4.762712 5.938349 0.032914
1.415789 4.762712 6.045532 0.001410
1.531579 4.762712 6.153027 0.007657
1.300000 4.864407 6.039500 0.032817
1.415789 4.864407 6.146604 0.001298
1.531579 4.864407 6.254018 0.007529
1.300000 4.966102 6.140669 0.032735
1.300000 6.186441 7.355825 0.032114
1.300000 6.288136 7.457164 0.032080
1.415789 6.288136 7.563362 0.000662
1.300000 6.389831 7.558513 0.032048
1.415789 6.389831 7.664658 0.000629
1.531579 6.389831 7.771078 0.006644
1.300000 6.491525 7.659871 0.032018
1.415789 6.491525 7.765964 0.000597
1.531579 6.491525 7.872331 0.006611
1.647368 6.491525 7.978959 0.027301
1.300000 6.593220 7.761238 0.031990
1.415789 6.593220 7.867281 0.000568
1.531579 6.593220 7.973594 0.006581
1.647368 6.593220 8.080168 0.027296
1.300000 6.694915 7.862614 0.031963
1.415789 6.694915 7.968607 0.000541
1.531579 6.694915 8.074869 0.006552
1.647368 6.694915 8.181389 0.027291
1.300000 6.796610 7.963997 0.031940
1.415789 6.796610 8.069942 0.000516
1.531579 6.796610 8.176154 0.006526
1.647368 6.796610 8.282622 0.027286
1.300000 6.898305 8.065389 0.031916
1.415789 6.898305 8.171286 0.000492
1.531579 6.898305 8.277448 0.006500
1.647368 6.898305 8.383866 0.027280
1.300000 7.000000 8.166788 0.031894
1.415789 7.000000 8.272639 0.000469
1.531579 7.000000 8.378753 0.006476
1.647368 7.000000 8.485120 0.027275
2.226316 2.220339 4.205723 0.039184
2.342105 2.220339 4.315420 0.033925
2.110526 2.322034 4.192954 0.039003
2.226316 2.322034 4.302020 0.032264
2.110526 2.423729 4.289782 0.039309
2.226316 2.423729 4.398559 0.031568
1.415789 3.033898 4.241260 0.032572
1.415789 3.135593 4.340844 0.020138
1.415789 3.237288 4.440525 0.015564
1.531579 3.237288 4.544353 0.027751
1.415789 3.338983 4.540294 0.011982
1.531579 3.338983 4.643893 0.019558
1.300000 3.440678 4.537370 0.039148
1.415789 3.440678 4.640147 0.009119
1.531579 3.440678 4.743524 0.016917
1.300000 3.542373 4.637513 0.037311
1.415789 3.542373 4.740079 0.006952
1.300000 3.644068 4.737721 0.036121
1.415789 3.644068 4.840084 0.005501
1.300000 3.745763 4.837992 0.035268
1.415789 3.745763 4.940157 0.004311
1.300000 3.847458 4.938321 0.034653
1.415789 3.847458 5.040296 0.003537
1.300000 3.949153 5.038704 0.034171
1.415789 3.949153 5.140496 0.002925
1.300000 4.050847 5.139139 0.033844
1.415789 4.050847 5.240754 0.002510
1.300000 4.152542 5.239623 0.033595
1.415789 4.152542 5.341065 0.002196
1.300000 4.254237 5.340153 0.033398
1.415789 4.254237 5.441429 0.001953
1.300000 4.355932 5.440726 0.033227
1.415789 4.355932 5.541840 0.001746
1.300000 4.457627 5.541340 0.033096
1.415789 4.457627 5.642298 0.001591
1.300000 4.559322 5.641992 0.032984
1.300000 4.661017 5.742682 0.032885
1.300000 4.762712 5.843406 0.032790
1.300000 4.864407 5.944163 0.032712
1.300000 6.593220 7.660829 0.031960
1.300000 6.694915 7.761977 0.031936
1.415789 6.694915 7.860422 0.000507
1.531579 6.694915 7.959333 0.006511
1.300000 6.796610 7.863139 0.031913
1.415789 6.796610 7.961500 0.000484
1.531579 6.796610 8.060325 0.006487
1.647368 6.796610 8.159595 0.027277
1.300000 6.898305 7.964315 0.031890
1.415789 6.898305 8.062594 0.000461
1.531579 6.898305 8.161333 0.006463
1.647368 6.898305 8.260515 0.027271
1.300000 7.000000 8.065504 0.031870
1.415789 7.000000 8.163704 0.000440
1.531579 7.000000 8.262358 0.006442
1.647368 7.000000 8.361453 0.027266
1.415789 2.728814 3.831989 0.039669
1.415789 2.830508 3.929952 0.024042
1.415789 2.932203 4.028100 0.018482
1.531579 2.932203 4.126349 0.033341
1.415789 3.033898 4.126419 0.014583
1.531579 3.033898 4.224270 0.021200
1.415789 3.135593 4.224899 0.011092
1.531579 3.135593 4.322366 0.017810
1.300000 3.237288 4.227373 0.039072
1.415789 3.237288 4.323527 0.008697
1.531579 3.237288 4.420624 0.015883
1.300000 3.338983 4.326492 0.037344
1.415789 3.338983 4.422295 0.006719
1.300000 3.440678 4.425728 0.036207
1.415789 3.440678 4.521192 0.005394
1.300000 3.542373 4.525073 0.035303
1.415789 3.542373 4.620210 0.004198
1.300000 3.644068 4.624520 0.034708
1.415789 3.644068 4.719343 0.003485
1.300000 3.745763 4.724063 0.034230
1.415789 3.745763 4.818582 0.002907
1.300000 3.847458 4.823696 0.033906
1.415789 3.847458 4.917922 0.002515
1.300000 3.949153 4.923413 0.033646
1.415789 3.949153 5.017356 0.002200
1.300000 4.050847 5.023209 0.033450
1.415789 4.050847 5.116878 0.001968
1.300000 4.152542 5.123080 0.033278
1.415789 4.152542 5.216485 0.001765
1.300000 4.254237 5.223022 0.033147
1.415789 4.254237 5.316171 0.001615
1.300000 4.355932 5.323030 0.033034
1.300000 4.457627 5.423100 0.032926
1.300000 4.559322 5.523230 0.032838
1.300000 4.661017 5.623417 0.032751
1.300000 7.000000 7.938295 0.031841
1.415789 7.000000 8.026761 0.000407
1.531579 7.000000 8.115915 0.006404
1.415789 2.423729 3.410662 0.038443
1.415789 2.525424 3.506197 0.030266
1.415789 2.627119 3.602069 0.023115
1.531579 2.627119 3.694446 0.031901
1.415789 2.728814 3.698252 0.018154
1.531579 2.728814 3.789984 0.023499
1.415789 2.830508 3.794723 0.013782
1.531579 2.830508 3.885835 0.019755
1.415789 2.932203 3.891460 0.010825
1.300000 3.033898 3.899864 0.039045
1.415789 3.033898 3.988443 0.008296
1.300000 3.135593 3.997620 0.037354
1.415789 3.135593 4.085656 0.006443
1.300000 3.237288 4.095567 0.036264
1.415789 3.237288 4.183081 0.005231
1.300000 3.338983 4.193693 0.035360
1.415789 3.338983 4.280706 0.004181
1.300000 3.440678 4.291985 0.034776
1.415789 3.440678 4.378515 0.003433
1.300000 3.542373 4.390432 0.034284
1.415789 3.542373 4.476498 0.002870
1.300000 3.644068 4.489024 0.033961
1.415789 3.644068 4.574643 0.002498
1.300000 3.745763 4.587751 0.033679
1.415789 3.745763 4.672939 0.002176
1.300000 3.847458 4.686605 0.033485
1.415789 3.847458 4.771378 0.001955
1.300000 3.949153 4.785578 0.033308
1.415789 3.949153 4.869951 0.001756
1.300000 4.050847 4.884663 0.033174
1.415789 4.050847 4.968650 0.001608
1.300000 4.152542 4.983853 0.033053
1.300000 4.254237 5.083143 0.032953
1.300000 4.355932 5.182525 0.032858
1.300000 4.457627 5.281995 0.032777
1.415789 2.322034 3.168195 0.034114
1.531579 2.322034 3.254956 0.038227
1.415789 2.423729 3.261250 0.025326
1.531579 2.423729 3.347012 0.029321
1.415789 2.525424 3.354806 0.019120
1.415789 2.627119 3.448823 0.014143
1.415789 2.728814 3.543265 0.010886
1.300000 2.830508 3.557806 0.039619
1.415789 2.830508 3.638097 0.008468
1.300000 2.932203 3.653797 0.037732
1.415789 2.932203 3.733291 0.006514
1.300000 3.033898 3.750089 0.036505
1.415789 3.033898 3.828819 0.005234
1.300000 3.135593 3.846659 0.035604
1.415789 3.135593 3.924657 0.004282
1.300000 3.237288 3.943486 0.034938
1.415789 3.237288 4.020782 0.003545
1.300000 3.338983 4.040553 0.034397
1.415789 3.338983 4.117176 0.002881
1.300000 3.440678 4.137842 0.034033
1.415789 3.440678 4.213818 0.002487
1.300000 3.542373 4.235338 0.033753
1.415789 3.542373 4.310693 0.002186
1.300000 3.644068 4.333027 0.033513
1.415789 3.644068 4.407785 0.001928
1.300000 3.745763 4.430896 0.033341
1.415789 3.745763 4.505080 0.001745
1.300000 3.847458 4.528934 0.033197
1.300000 3.949153 4.627130 0.033065
1.300000 4.050847 4.725474 0.032962
1.300000 4.152542 4.823957 0.032871
1.300000 4.254237 4.922570 0.032780
1.531579 7.000000 7.743315 0.006331
1.415789 2.220339 2.911657 0.034355
1.415789 2.322034 3.001728 0.023994
1.415789 2.423729 3.092521 0.017009
1.415789 2.525424 3.183972 0.012382
1.415789 2.627119 3.276027 0.009207
1.300000 2.728814 3.298200 0.038604
1.415789 2.728814 3.368637 0.007019
1.300000 2.830508 3.392401 0.037158
1.415789 2.830508 3.461756 0.005603
1.300000 2.932203 3.487023 0.036004
1.415789 2.932203 3.555346 0.004475
1.300000 3.033898 3.582033 0.035178
1.415789 3.033898 3.649369 0.003656
1.300000 3.135593 3.677401 0.034583
1.415789 3.135593 3.743794 0.003053
1.300000 3.237288 3.773099 0.034143
1.415789 3.237288 3.838590 0.002507
1.300000 3.338983 3.869103 0.033814
1.415789 3.338983 3.933730 0.002174
1.647368 3.338983 4.069795 0.027775
1.300000 3.440678 3.965390 0.033561
1.415789 3.440678 4.029191 0.001919
1.647368 3.440678 4.163525 0.027578
1.300000 3.542373 4.061941 0.033381
1.531579 3.542373 4.190211 0.007821
1.647368 3.542373 4.257621 0.027453
1.300000 3.644068 4.158738 0.033216
1.531579 3.644068 4.285459 0.007663
1.300000 3.745763 4.255763 0.033081
1.300000 3.847458 4.353001 0.032966
1.300000 3.949153 4.450438 0.032867
1.300000 4.050847 4.548062 0.032778
1.531579 6.796610 7.324645 0.006324
1.647368 6.796610 7.375968 0.030785
1.531579 6.898305 7.424258 0.006311
1.647368 6.898305 7.475283 0.027227
1.415789 7.000000 7.474640 0.000312
1.531579 7.000000 7.523926 0.006299
1.647368 7.000000 7.574661 0.027223
1.415789 2.118644 2.643580 0.034994
1.415789 2.220339 2.730118 0.024222
1.415789 2.322034 2.817670 0.016740
1.415789 2.423729 2.906142 0.011430
1.300000 2.525424 2.934278 0.040466
1.415789 2.525424 2.995454 0.008378
1.300000 2.627119 3.025857 0.038266
1.415789 2.627119 3.085533 0.006348
1.300000 2.728814 3.118063 0.036750
1.415789 2.728814 3.176313 0.004959
1.300000 2.830508 3.210842 0.035672
1.415789 2.830508 3.267736 0.003967
1.300000 2.932203 3.304146 0.034922
1.415789 2.932203 3.359749 0.003275
1.300000 3.033898 3.397931 0.034381
1.415789 3.033898 3.452306 0.002768
1.300000 3.135593 3.492159 0.033983
1.300000 3.237288 3.586795 0.033657
1.300000 3.338983 3.681808 0.033431
1.300000 3.440678 3.777168 0.033248
1.415789 3.440678 3.827174 0.001568
1.300000 3.542373 3.872851 0.033102
1.415789 3.542373 3.921885 0.001429
1.531579 6.491525 6.791737 0.006332
1.647368 6.491525 6.827878 0.027234
1.531579 6.593220 6.890868 0.006318
1.415789 6.694915 6.956423 0.000321
1.531579 6.694915 6.990073 0.006306
1.415789 6.796610 7.056034 0.000309
1.531579 6.796610 7.089349 0.006294
1.415789 6.898305 7.155704 0.000128
1.531579 6.898305 7.188692 0.006283
1.415789 7.000000 7.255430 0.000115
1.531579 7.000000 7.288101 0.006272
1.415789 2.016949 2.366626 0.037180
1.415789 2.118644 2.449022 0.025750
1.415789 2.220339 2.532821 0.017403
1.415789 2.322034 2.617889 0.011883
1.415789 2.423729 2.704104 0.008196
1.300000 2.525424 2.743272 0.038318
1.415789 2.525424 2.791363 0.006131
1.647368 2.525424 2.899048 0.030950
1.300000 2.627119 2.833318 0.036701
1.415789 2.627119 2.879568 0.004745
1.647368 2.627119 2.983420 0.029669
1.300000 2.728814 2.924129 0.035587
1.415789 2.728814 2.968637 0.003779
1.647368 2.728814 3.068843 0.029293
1.300000 2.830508 3.015634 0.034828
1.300000 2.932203 3.107773 0.034270
1.415789 3.135593 3.332148 0.001834
1.415789 3.237288 3.424547 0.001610
1.300000 3.644068 3.766540 0.032792
1.531579 6.084746 6.150667 0.006356
1.531579 6.186441 6.249232 0.006340
1.531579 6.288136 6.347895 0.006326
1.647368 6.288136 6.367387 0.030787
1.531579 6.389831 6.446653 0.006313
1.415789 6.491525 6.528893 0.000318
1.531579 6.491525 6.545501 0.006301
1.415789 6.593220 6.628222 0.000306
1.531579 6.593220 6.644435 0.006290
1.415789 6.694915 6.727621 0.000124
1.531579 6.694915 6.743450 0.006279
1.415789 6.796610 6.827087 0.000284
1.531579 6.796610 6.842545 0.006268
1.415789 6.898305 6.926618 0.000274
1.531579 6.898305 6.941714 0.006259
1.415789 7.000000 7.026212 0.000264
1.415789 2.016949 2.161143 0.028763
1.531579 2.016949 2.212951 0.030361
1.415789 2.118644 2.240629 0.020086
1.531579 2.118644 2.289378 0.023224
1.415789 2.220339 2.321849 0.013245
1.531579 2.220339 2.367706 0.017241
1.647368 2.220339 2.418242 0.037160
1.415789 2.322034 2.404627 0.009198
1.531579 2.322034 2.447753 0.013740
1.647368 2.322034 2.495512 0.034023
1.300000 2.423729 2.453057 0.039238
1.415789 2.423729 2.488807 0.006784
1.531579 2.423729 2.529357 0.011544
1.647368 2.423729 2.574480 0.031837
1.300000 2.525424 2.540843 0.037191
1.415789 2.525424 2.574252 0.005113
1.531579 2.525424 2.612370 0.010430
1.647368 2.525424 2.654995 0.030239
1.300000 2.627119 2.629631 0.035859
1.415789 2.627119 2.660840 0.003987
1.531579 2.627119 2.696664 0.009581
1.647368 2.627119 2.736921 0.029659
1.300000 2.728814 2.719324 0.034913
1.415789 2.728814 2.748464 0.003168
1.531579 2.728814 2.782121 0.008908
1.647368 2.728814 2.820134 0.028870
1.300000 2.830508 2.809835 0.034332
1.415789 2.830508 2.837026 0.002656
1.531579 2.830508 2.868637 0.008466
1.647368 2.830508 2.904524 0.028384
1.300000 2.932203 2.901086 0.033856
1.415789 2.932203 2.926443 0.002232
1.531579 2.932203 2.956121 0.008092
1.647368 2.932203 2.989991 0.027998
1.300000 3.033898 2.993011 0.033529
1.415789 3.033898 3.016637 0.001936
1.531579 3.033898 3.044487 0.007827
1.647368 3.033898 3.076445 0.027745
1.531579 3.135593 3.133662 0.007619
1.647368 3.135593 3.163806 0.027566
1.647368 3.237288 3.252000 0.027447
1.300000 3.440678 3.366335 0.032827
1.531579 5.576271 5.408086 0.006400
1.531579 5.677966 5.505945 0.006385
1.647368 5.677966 5.510057 0.030805
1.300000 5.779661 5.604065 0.031843
1.531579 5.779661 5.603939 0.006368
1.647368 5.779661 5.607464 0.027247
1.531579 5.881356 5.702064 0.006352
1.531579 5.983051 5.800311 0.006337
1.531579 6.084746 5.898676 0.011110
1.531579 6.186441 5.997151 0.006310
1.647368 6.186441 5.998518 0.027228
1.415789 6.288136 6.097061 0.006132
1.531579 6.288136 6.095732 0.006298
1.647368 6.288136 6.096603 0.027224
1.415789 6.389831 6.196188 0.000135
1.531579 6.389831 6.194414 0.006287
1.647368 6.389831 6.194804 0.027220
1.415789 6.491525 6.295397 0.006107
1.531579 6.491525 6.293192 0.006276
1.415789 6.593220 6.394685 0.000282
1.531579 6.593220 6.392061 0.006266
1.415789 6.694915 6.494046 0.000272
1.415789 6.796610 6.593479 0.006073
1.531579 6.796610 6.590058 0.006247
1.415789 6.898305 6.692980 0.000254
1.531579 6.898305 6.689177 0.006239
1.415789 7.000000 6.792546 0.000068
1.531579 7.000000 6.788373 0.006230
1.415789 1.915254 1.869274 0.038229
1.531579 1.915254 1.912406 0.038044
1.415789 2.016949 1.943811 0.025536
1.531579 2.016949 1.982940 0.027653
1.415789 2.118644 2.020717 0.017334
1.531579 2.118644 2.056085 0.020550
1.647368 2.118644 2.097258 0.040460
1.415789 2.220339 2.099733 0.011896
1.647368 2.220339 2.169136 0.036436
1.415789 2.322034 2.180629 0.008354
1.531579 2.322034 2.209166 0.013122
1.647368 2.322034 2.243323 0.033388
1.300000 2.423729 2.243457 0.038472
1.415789 2.423729 2.263204 0.006228
1.531579 2.423729 2.288646 0.011495
1.647368 2.423729 2.319596 0.031425
1.300000 2.525424 2.330277 0.036691
1.415789 2.525424 2.347281 0.004734
1.531579 2.525424 2.369826 0.010306
1.647368 2.525424 2.397757 0.030497
1.300000 2.627119 2.418257 0.035339
1.415789 2.627119 2.432703 0.003566
1.531579 2.627119 2.452536 0.009315
1.647368 2.627119 2.477627 0.029372
1.300000 2.728814 2.507275 0.034541
1.415789 2.728814 2.519334 0.002862
1.531579 2.728814 2.536626 0.008691
1.647368 2.728814 2.559046 0.028687
1.300000 2.830508 2.597224 0.033984
1.415789 2.830508 2.607053 0.002364
1.531579 2.830508 2.621964 0.008239
1.647368 2.830508 2.641870 0.028215
1.300000 2.932203 2.688010 0.033562
1.415789 2.932203 2.695755 0.001983
1.531579 2.932203 2.708432 0.007887
1.647368 2.932203 2.725972 0.027869
1.300000 3.033898 2.779552 0.033286
1.531579 3.033898 2.795924 0.007653
1.647368 3.033898 2.811237 0.027657
1.300000 3.135593 2.871777 0.033082
1.531579 3.135593 2.884349 0.007475
1.647368 3.135593 2.897563 0.027512
1.300000 3.237288 2.964622 0.032924
1.531579 3.237288 2.973622 0.007338
1.647368 3.237288 2.984857 0.027410
1.300000 3.338983 3.058030 0.032790
1.531579 3.338983 3.063669 0.007218
1.647368 3.338983 3.073036 0.027331
1.300000 3.440678 3.151951 0.032688
1.531579 3.440678 3.154425 0.007127
1.647368 3.440678 3.162027 0.027279
1.647368 3.542373 3.251764 0.027239
1.647368 4.966102 4.561080 0.027281
1.531579 5.067797 4.668254 0.006461
1.647368 5.067797 4.657172 0.027274
1.415789 5.169492 4.779974 0.000464
1.531579 5.169492 4.765348 0.006440
1.300000 5.271186 4.895931 0.031903
1.415789 5.271186 4.877935 0.000443
1.531579 5.271186 4.862630 0.006419
1.647368 5.271186 4.850043 0.027263
1.300000 5.372881 4.994634 0.031883
1.415789 5.372881 4.976045 0.000424
1.531579 5.372881 4.960090 0.006401
1.300000 5.474576 5.093456 0.031863
1.531579 5.474576 5.057716 0.006384
1.647368 5.474576 5.043740 0.027252
1.300000 5.576271 5.192388 0.031843
1.531579 5.576271 5.155500 0.006367
1.531579 5.677966 5.253432 0.006352
1.647368 5.677966 5.238172 0.027242
1.531579 5.779661 5.351504 0.006337
1.647368 5.779661 5.335638 0.030792
1.531579 5.881356 5.449709 0.006323
1.531579 5.983051 5.548040 0.006310
1.415789 6.084746 5.666357 0.006133
1.531579 6.084746 5.646490 0.006298
1.415789 6.186441 5.765401 0.000134
1.531579 6.186441 5.745053 0.006286
1.415789 6.288136 5.864536 0.000292
1.531579 6.288136 5.843724 0.006275
1.415789 6.389831 5.963757 0.000282
1.531579 6.389831 5.942496 0.006265
1.415789 6.491525 6.063060 0.006084
1.531579 6.491525 6.041365 0.006256
1.415789 6.593220 6.162440 0.006073
1.531579 6.593220 6.140327 0.006246
1.415789 6.694915 6.261896 0.000254
1.531579 6.694915 6.239377 0.006238
1.415789 6.796610 6.361422 0.000246
1.531579 6.796610 6.338510 0.006230
1.415789 6.898305 6.461015 0.000059
1.531579 6.898305 6.437723 0.006223
1.300000 7.000000 6.586284 0.039601
1.415789 7.000000 6.560673 0.000050
1.415789 1.915254 1.645130 0.037227
1.531579 1.915254 1.674855 0.036835
1.415789 2.016949 1.717219 0.025483
1.531579 2.016949 1.742023 0.027152
1.415789 2.118644 1.792181 0.017439
1.531579 2.118644 1.812411 0.020049
1.647368 2.118644 1.839721 0.040229
1.415789 2.220339 1.869670 0.011898
1.531579 2.220339 1.885659 0.015931
1.647368 2.220339 1.908551 0.036114
1.415789 2.322034 1.949386 0.008439
1.531579 2.322034 1.961445 0.013436
1.647368 2.322034 1.980213 0.033317
1.300000 2.423729 2.029227 0.038068
1.415789 2.423729 2.031066 0.005973
1.531579 2.423729 2.039487 0.011471
1.647368 2.423729 2.054411 0.031179
1.300000 2.525424 2.115762 0.036384
1.415789 2.525424 2.114482 0.004525
1.531579 2.525424 2.119536 0.010231
1.647368 2.525424 2.130879 0.030352
1.300000 2.627119 2.203592 0.035099
1.415789 2.627119 2.199437 0.003394
1.531579 2.627119 2.201373 0.009221
1.647368 2.627119 2.209383 0.029282
1.300000 2.728814 2.292569 0.034348
1.415789 2.728814 2.285759 0.002723
1.531579 2.728814 2.284805 0.008604
1.647368 2.728814 2.289713 0.028639
1.300000 2.830508 2.382564 0.033761
1.531579 2.830508 2.369665 0.008106
1.647368 2.830508 2.371683 0.028141
1.300000 2.932203 2.473466 0.033409
1.415789 2.932203 2.461929 0.001867
1.531579 2.932203 2.455803 0.007800
1.647368 2.932203 2.455130 0.027850
1.300000 3.033898 2.565178 0.033122
1.531579 3.033898 2.543092 0.007546
1.647368 3.033898 2.539906 0.027625
1.300000 3.135593 2.657617 0.032917
1.415789 3.135593 2.642012 0.001409
1.531579 3.135593 2.631414 0.007361
1.647368 3.135593 2.625885 0.027476
1.300000 3.237288 2.750709 0.032782
1.415789 3.237288 2.733280 0.001282
1.531579 3.237288 2.720671 0.007237
1.647368 3.237288 2.712951 0.027385
1.300000 3.338983 2.844390 0.032660
1.415789 3.338983 2.825260 0.001165
1.531579 3.338983 2.810774 0.007123
1.647368 3.338983 2.801003 0.027310
1.300000 3.440678 2.938605 0.032573
1.415789 3.440678 2.917885 0.001081
1.531579 3.440678 2.901642 0.007041
1.647368 3.440678 2.889950 0.027263
1.300000 3.542373 3.033302 0.032488
1.415789 3.542373 3.011096 0.001000
1.531579 3.542373 2.993207 0.006961
1.647368 3.542373 2.979714 0.027221
1.300000 3.644068 3.128439 0.032424
1.415789 3.644068 3.104839 0.000938
1.531579 3.644068 3.085407 0.006901
1.647368 3.644068 3.070221 0.027194
1.415789 3.745763 3.199068 0.000876
1.531579 3.745763 3.178186 0.006839
1.647368 3.745763 3.161409 0.027170
1.531579 3.847458 3.271495 0.006792
1.647368 3.847458 3.253220 0.027153
1.531579 3.949153 3.365290 0.006744
1.647368 3.949153 3.345603 0.027137
1.531579 4.050847 3.459531 0.006703
1.647368 4.050847 3.438511 0.027126
1.531579 4.152542 3.554183 0.006665
1.647368 4.152542 3.531903 0.027116
1.415789 4.254237 3.676186 0.000661
1.531579 4.254237 3.649215 0.006631
1.647368 4.254237 3.625742 0.027107
1.415789 4.355932 3.772593 0.000628
1.531579 4.355932 3.744596 0.006599
1.647368 4.355932 3.719995 0.027099
1.300000 4.457627 3.901462 0.032068
1.415789 4.457627 3.869270 0.000597
1.531579 4.457627 3.840302 0.006569
1.647368 4.457627 3.814629 0.027091
1.300000 4.559322 3.999220 0.032037
1.415789 4.559322 3.966199 0.000569
1.531579 4.559322 3.936307 0.006541
1.647368 4.559322 3.909618 0.027084
1.300000 4.661017 4.097171 0.032008
1.415789 4.661017 4.063360 0.000542
1.531579 4.661017 4.032592 0.006515
1.647368 4.661017 4.004936 0.027290
1.300000 4.762712 4.195299 0.031981
1.415789 4.762712 4.160738 0.000516
1.531579 4.762712 4.129136 0.006491
1.647368 4.762712 4.100561 0.027283
1.300000 4.864407 4.293594 0.031956
1.415789 4.864407 4.258318 0.000492
1.531579 4.864407 4.225922 0.006468
1.647368 4.864407 4.196471 0.027277
1.300000 4.966102 4.392043 0.031930
1.415789 4.966102 4.356087 0.000468
1.531579 4.966102 4.322933 0.006445
1.647368 4.966102 4.292648 0.027270
1.300000 5.067797 4.490638 0.031909
1.415789 5.067797 4.454031 0.000449
1.531579 5.067797 4.420155 0.006426
1.300000 5.169492 4.589367 0.031886
1.415789 5.169492 4.552139 0.000427
1.531579 5.169492 4.517573 0.006405
1.647368 5.169492 4.485731 0.030812
1.300000 5.271186 4.688223 0.031867
1.531579 5.271186 4.615177 0.006389
1.300000 5.372881 4.787198 0.031847
1.531579 5.372881 4.712953 0.006371
1.647368 5.372881 4.679687 0.030802
1.300000 5.474576 4.886285 0.031830
1.531579 5.474576 4.810891 0.006356
1.647368 5.474576 4.776960 0.027244
1.531579 5.576271 4.908983 0.006340
1.531579 5.677966 5.007218 0.006326
1.531579 5.779661 5.105589 0.006313
1.647368 5.779661 5.069819 0.030784
1.415789 5.881356 5.242728 0.000318
1.531579 5.881356 5.204087 0.006300
1.415789 5.983051 5.341839 0.006122
1.531579 5.983051 5.302707 0.006289
1.415789 6.084746 5.441046 0.000125
1.531579 6.084746 5.401440 0.006278
1.415789 6.186441 5.540343 0.000113
1.647368 6.186441 5.462380 0.027214
1.415789 6.288136 5.639726 0.000274
1.531579 6.288136 5.599224 0.006257
1.415789 6.389831 5.739189 0.000090
1.531579 6.389831 5.698265 0.006248
1.415789 6.491525 5.838730 0.000256
1.531579 6.491525 5.797397 0.006240
1.415789 6.593220 5.938343 0.000247
1.531579 6.593220 5.896616 0.006231
1.415789 6.694915 6.038026 0.006047
1.531579 6.694915 5.995919 0.006224
1.415789 6.796610 6.137775 0.006037
1.531579 6.796610 6.095300 0.006217
1.300000 6.898305 6.282259 0.039594
1.415789 6.898305 6.237586 0.006029
1.531579 6.898305 6.194756 0.006210
1.300000 7.000000 6.382440 0.039587
1.415789 7.000000 6.337458 0.006021
1.415789 1.915254 1.414083 0.039176
1.531579 1.915254 1.428463 0.038213
1.415789 2.016949 1.484751 0.027387
1.531579 2.016949 1.493122 0.028648
1.415789 2.118644 1.558854 0.018682
1.531579 2.118644 1.561731 0.021546
1.647368 2.118644 1.573149 0.040324
1.415789 2.220339 1.635925 0.012742
1.531579 2.220339 1.633793 0.016959
1.647368 2.220339 1.639854 0.036246
1.415789 2.322034 1.715564 0.008562
1.531579 2.322034 1.708870 0.013724
1.647368 2.322034 1.710008 0.033207
1.300000 2.423729 1.815610 0.038128
1.415789 2.423729 1.797429 0.006082
1.531579 2.423729 1.786583 0.011660
1.647368 2.423729 1.783205 0.031701
1.300000 2.525424 1.902805 0.036141
1.415789 2.525424 1.881230 0.004355
1.531579 2.525424 1.866602 0.010135
1.647368 2.525424 1.859084 0.030228
1.300000 2.627119 1.991375 0.034953
1.415789 2.627119 1.966720 0.003300
1.531579 2.627119 1.948644 0.009170
1.647368 2.627119 1.937331 0.029265
1.300000 2.728814 2.081146 0.034119
1.415789 2.728814 2.053687 0.002546
1.531579 2.728814 2.032463 0.008465
1.647368 2.728814 2.017671 0.028561
1.300000 2.830508 2.171968 0.033601
1.415789 2.830508 2.141951 0.002071
1.531579 2.830508 2.117848 0.008014
1.647368 2.830508 2.099862 0.028122
1.300000 2.932203 2.263715 0.033226
1.415789 2.932203 2.231360 0.001721
1.531579 2.932203 2.204618 0.007678
1.647368 2.932203 2.183697 0.027806
1.300000 3.033898 2.356279 0.032998
1.415789 3.033898 2.321780 0.001505
1.531579 3.033898 2.292615 0.007469
1.647368 3.033898 2.268992 0.027620
1.300000 3.135593 2.449567 0.032806
1.531579 3.135593 2.381704 0.007289
1.647368 3.135593 2.355590 0.027471
1.300000 3.237288 2.543500 0.032672
1.415789 3.237288 2.505215 0.001192
1.531579 3.237288 2.471765 0.007161
1.647368 3.237288 2.443351 0.027375
1.415789 3.338983 2.598046 0.001083
1.531579 3.338983 2.562698 0.007054
1.647368 3.338983 2.532155 0.027301
1.300000 3.440678 2.733032 0.032476
1.415789 3.440678 2.691519 0.001000
1.531579 3.440678 2.654411 0.006971
1.647368 3.440678 2.621896 0.027250
1.300000 3.542373 2.828520 0.032400
1.415789 3.542373 2.785568 0.000925
1.531579 3.542373 2.746827 0.006896
1.647368 3.542373 2.712480 0.027210
1.415789 3.644068 2.880136 0.000865
1.531579 3.644068 2.839878 0.006836
1.647368 3.644068 2.803827 0.027181
1.415789 3.745763 2.975175 0.000809
1.531579 3.745763 2.933502 0.006780
1.647368 3.745763 2.895863 0.027158
1.415789 3.847458 3.070640 0.000762
1.531579 3.847458 3.027648 0.006734
1.647368 3.847458 2.988526 0.027140
1.300000 3.949153 3.214283 0.032191
1.415789 3.949153 3.166492 0.000720
1.531579 3.949153 3.122266 0.006693
1.647368 3.949153 3.081758 0.027126
1.300000 4.050847 3.311510 0.032151
1.415789 4.050847 3.262699 0.000682
1.531579 4.050847 3.217317 0.006655
1.647368 4.050847 3.175510 0.027115
1.300000 4.152542 3.408997 0.032113
1.415789 4.152542 3.359229 0.000645
1.531579 4.152542 3.312762 0.006618
1.647368 4.152542 3.269737 0.027105
1.300000 4.254237 3.506724 0.032079
1.415789 4.254237 3.456055 0.000612
1.531579 4.254237 3.408569 0.006587
1.647368 4.254237 3.364399 0.027096
1.300000 4.355932 3.604670 0.032048
1.415789 4.355932 3.553154 0.000582
1.531579 4.355932 3.504707 0.006558
1.647368 4.355932 3.459459 0.027088
1.300000 4.457627 3.702818 0.032017
1.415789 4.457627 3.650502 0.000553
1.531579 4.457627 3.601151 0.006529
1.647368 4.457627 3.554888 0.027294
1.300000 4.559322 3.801153 0.031990
1.415789 4.559322 3.748082 0.000527
1.531579 4.559322 3.697876 0.006503
1.647368 4.559322 3.650654 0.027287
1.300000 4.661017 3.899660 0.031963
1.415789 4.661017 3.845875 0.000501
1.531579 4.661017 3.794861 0.006478
1.647368 4.661017 3.746733 0.027280
1.300000 4.762712 3.998326 0.031939
1.415789 4.762712 3.943865 0.000478
1.531579 4.762712 3.892087 0.006456
1.647368 4.762712 3.843101 0.027274
1.300000 4.864407 4.097141 0.031916
1.415789 4.864407 4.042038 0.000457
1.531579 4.864407 3.989535 0.006435
1.647368 4.864407 3.939737 0.027268
1.300000 4.966102 4.196093 0.031895
1.415789 4.966102 4.140381 0.000437
1.531579 4.966102 4.087190 0.006416
1.647368 4.966102 4.036621 0.030815
1.300000 5.067797 4.295174 0.031873
1.415789 5.067797 4.238882 0.000417
1.531579 5.067797 4.185038 0.006396
1.300000 5.169492 4.394374 0.031854
1.531579 5.169492 4.283065 0.006379
1.300000 5.271186 4.493685 0.031835
1.531579 5.271186 4.381259 0.006362
1.647368 5.271186 4.328598 0.030799
1.531579 5.372881 4.479609 0.006347
1.647368 5.372881 4.426317 0.030795
1.531579 5.474576 4.578106 0.006331
1.647368 5.474576 4.524211 0.030790
1.531579 5.576271 4.676739 0.006318
1.647368 5.576271 4.622269 0.027232
1.415789 5.677966 4.832669 0.006141
1.531579 5.677966 4.775501 0.006305
1.647368 5.677966 4.720481 0.027227
1.415789 5.779661 4.932022 0.000143
1.531579 5.779661 4.874383 0.006294
1.647368 5.779661 4.818838 0.030778
1.415789 5.881356 5.031469 0.000299
1.531579 5.881356 4.973379 0.006282
1.415789 5.983051 5.131004 0.000117
1.531579 5.983051 5.072482 0.006271
1.415789 6.084746 5.230622 0.006091
1.531579 6.084746 5.171685 0.006261
1.647368 6.084746 5.114691 0.027211
1.415789 6.186441 5.330319 0.006080
1.415789 6.288136 5.430090 0.006069
1.531579 6.288136 5.370371 0.006243
1.415789 6.389831 5.529930 0.000250
1.531579 6.389831 5.469844 0.006234
1.415789 6.491525 5.629837 0.000242
1.531579 6.491525 5.569397 0.006226
1.415789 6.593220 5.729807 0.000234
1.531579 6.593220 5.669026 0.006219
1.300000 6.694915 5.892588 0.039598
1.415789 6.694915 5.829837 0.000046
1.531579 6.694915 5.768727 0.006213
1.300000 6.796610 5.992958 0.039590
1.415789 6.796610 5.929923 0.000221
1.531579 6.796610 5.868497 0.006206
1.300000 6.898305 6.093371 0.039582
1.415789 6.898305 6.030064 0.006016
1.300000 7.000000 6.193826 0.039575
1.415789 7.000000 6.130255 0.000209
1.415789 2.016949 1.251257 0.030198
1.531579 2.016949 1.240292 0.031681
1.415789 2.118644 1.326263 0.020427
1.531579 2.118644 1.308843 0.023798
1.415789 2.220339 1.404631 0.013620
1.531579 2.220339 1.381484 0.018094
1.647368 2.220339 1.367781 0.036349
1.415789 2.322034 1.485828 0.008868
1.531579 2.322034 1.457605 0.014093
1.647368 2.322034 1.438177 0.033207
1.300000 2.423729 1.609826 0.038088
1.415789 2.423729 1.569416 0.006087
1.531579 2.423729 1.536687 0.011706
1.647368 2.423729 1.512139 0.031666
1.300000 2.525424 1.698879 0.036085
1.415789 2.525424 1.655032 0.004340
1.531579 2.525424 1.618298 0.010146
1.647368 2.525424 1.589170 0.030264
1.300000 2.627119 1.789280 0.034829
1.415789 2.627119 1.742378 0.003219
1.531579 2.627119 1.702073 0.009115
1.647368 2.627119 1.668844 0.029284
1.300000 2.728814 1.880834 0.033986
1.415789 2.728814 1.831205 0.002450
1.531579 2.728814 1.787708 0.008391
1.647368 2.728814 1.750801 0.028578
1.300000 2.830508 1.973383 0.033468
1.415789 2.830508 1.921309 0.001970
1.531579 2.830508 1.874948 0.007933
1.647368 2.830508 1.834734 0.028130
1.300000 2.932203 2.066791 0.033119
1.415789 2.932203 2.012518 0.001641
1.531579 2.932203 1.963580 0.007615
1.647368 2.932203 1.920385 0.027825
1.300000 3.033898 2.160947 0.032878
1.415789 3.033898 2.104688 0.001410
1.531579 3.033898 2.053423 0.007389
1.647368 3.033898 2.007534 0.027617
1.300000 3.135593 2.255758 0.032698
1.415789 3.135593 2.197699 0.001235
1.531579 3.135593 2.144325 0.007215
1.647368 3.135593 2.095994 0.027466
1.300000 3.237288 2.351144 0.032572
1.415789 3.237288 2.291447 0.001111
1.531579 3.237288 2.236156 0.007092
1.647368 3.237288 2.185606 0.027367
1.300000 3.338983 2.447039 0.032475
1.415789 3.338983 2.385847 0.001013
1.531579 3.338983 2.328808 0.006994
1.647368 3.338983 2.276234 0.027296
1.300000 3.440678 2.543384 0.032389
1.415789 3.440678 2.480823 0.000928
1.531579 3.440678 2.422185 0.006908
1.647368 3.440678 2.367760 0.027240
1.300000 3.542373 2.640130 0.032321
1.415789 3.542373 2.576312 0.000859
1.531579 3.542373 2.516207 0.006839
1.647368 3.542373 2.460086 0.027199
1.415789 3.644068 2.672259 0.000803
1.531579 3.644068 2.610804 0.006782
1.647368 3.644068 2.553123 0.027170
1.300000 3.745763 2.834663 0.032216
1.415789 3.745763 2.768617 0.000754
1.531579 3.745763 2.705916 0.006732
1.647368 3.745763 2.646798 0.027148
1.300000 3.847458 2.932380 0.032172
1.415789 3.847458 2.865344 0.000710
1.531579 3.847458 2.801491 0.006688
1.647368 3.847458 2.741044 0.027130
1.300000 3.949153 3.030358 0.032131
1.415789 3.949153 2.962403 0.000669
1.531579 3.949153 2.897482 0.006647
1.647368 3.949153 2.835805 0.027116
1.300000 4.050847 3.128574 0.032095
1.415789 4.050847 3.059763 0.000633
1.531579 4.050847 2.993850 0.006612
1.647368 4.050847 2.931031 0.027104
1.300000 4.152542 3.227006 0.032062
1.415789 4.152542 3.157397 0.000601
1.531579 4.152542 3.090560 0.006579
1.647368 4.152542 3.026678 0.027095
1.300000 4.254237 3.325634 0.032031
1.415789 4.254237 3.255279 0.000571
1.531579 4.254237 3.187579 0.006550
1.647368 4.254237 3.122707 0.027086
1.300000 4.355932 3.424441 0.032001
1.415789 4.355932 3.353389 0.000542
1.531579 4.355932 3.284882 0.006521
1.647368 4.355932 3.219084 0.027291
1.300000 4.457627 3.523412 0.031975
1.415789 4.457627 3.451705 0.000516
1.531579 4.457627 3.382443 0.006496
1.647368 4.457627 3.315778 0.027284
1.300000 4.559322 3.622535 0.031950
1.415789 4.559322 3.550213 0.000492
1.531579 4.559322 3.480241 0.006472
1.647368 4.559322 3.412764 0.027278
1.300000 4.661017 3.721796 0.031926
1.415789 4.661017 3.648895 0.000470
1.531579 4.661017 3.578256 0.006450
1.647368 4.661017 3.510016 0.027272
1.300000 4.762712 3.821185 0.031903
1.531579 4.762712 3.676471 0.006428
1.647368 4.762712 3.607513 0.027266
1.300000 4.864407 3.920693 0.031882
1.415789 4.864407 3.846730 0.000428
1.531579 4.864407 3.774870 0.006409
1.300000 4.966102 4.020310 0.031863
1.531579 4.966102 3.873439 0.006390
1.300000 5.067797 4.120028 0.031844
1.531579 5.067797 3.972166 0.006373
1.647368 5.067797 3.901290 0.030802
1.300000 5.169492 4.219841 0.031826
1.531579 5.169492 4.071039 0.006356
1.647368 5.169492 3.999592 0.030797
1.531579 5.271186 4.170048 0.006341
1.647368 5.271186 4.098059 0.030793
1.531579 5.372881 4.269183 0.006327
1.531579 5.474576 4.368436 0.006314
1.415789 5.576271 4.543017 0.000150
1.531579 5.576271 4.467799 0.006301
1.647368 5.576271 4.394344 0.027226
1.415789 5.677966 4.642873 0.000306
1.531579 5.677966 4.567264 0.006289
1.415789 5.779661 4.742806 0.000294
1.531579 5.779661 4.666826 0.006278
1.415789 5.881356 4.842813 0.000113
1.415789 5.983051 4.942889 0.006087
1.415789 6.084746 5.043029 0.006076
1.531579 6.084746 4.966029 0.006248
1.415789 6.186441 5.143231 0.006066
1.531579 6.186441 5.065919 0.006240
1.415789 6.288136 5.243490 0.006056
1.531579 6.288136 5.165880 0.006232
1.415789 6.389831 5.343803 0.006047
1.531579 6.389831 5.265907 0.006224
1.415789 6.491525 5.444168 0.000232
1.531579 6.491525 5.365997 0.006217
1.300000 6.593220 5.624306 0.039595
1.415789 6.593220 5.544581 0.000225
1.531579 6.593220 5.466146 0.006210
1.300000 6.694915 5.724989 0.039587
1.415789 6.694915 5.645039 0.000218
1.531579 6.694915 5.566351 0.006204
1.300000 6.796610 5.825707 0.039580
1.415789 6.796610 5.745542 0.000028
1.300000 6.898305 5.926458 0.039573
1.415789 6.898305 5.846086 0.000020
1.300000 7.000000 6.027242 0.039566
1.415789 7.000000 5.946668 0.005999
1.415789 2.016949 1.024567 0.033555
1.531579 2.016949 0.990062 0.035565
1.415789 2.118644 1.103202 0.022210
1.531579 2.118644 1.061522 0.025916
1.415789 2.220339 1.185351 0.014438
1.531579 2.220339 1.137594 0.019039
1.647368 2.220339 1.099999 0.036595
1.415789 2.322034 1.270331 0.009283
1.531579 2.322034 1.217412 0.014484
1.647368 2.322034 1.173567 0.033750
1.300000 2.423729 1.422071 0.038172
1.415789 2.423729 1.357612 0.006186
1.531579 2.423729 1.300288 0.011788
1.647368 2.423729 1.251081 0.031727
1.300000 2.525424 1.514282 0.035939
1.415789 2.525424 1.446777 0.004235
1.531579 2.525424 1.385673 0.010056
1.647368 2.525424 1.331853 0.030271
1.300000 2.627119 1.607638 0.034625
1.415789 2.627119 1.537498 0.003059
1.531579 2.627119 1.473131 0.008977
1.647368 2.627119 1.415325 0.029273
1.300000 2.728814 1.701949 0.033821
1.415789 2.728814 1.629515 0.002321
1.531579 2.728814 1.562314 0.008283
1.647368 2.728814 1.501047 0.028591
1.300000 2.830508 1.797066 0.033310
1.415789 2.830508 1.722621 0.001843
1.531579 2.830508 1.652942 0.007824
1.647368 2.830508 1.588654 0.028127
1.415789 2.932203 1.816649 0.001523
1.531579 2.932203 1.744790 0.007512
1.647368 2.932203 1.677851 0.027813
1.300000 3.033898 1.989254 0.032756
1.415789 3.033898 1.911461 0.001310
1.531579 3.033898 1.837675 0.007302
1.647368 3.033898 1.768398 0.027609
1.300000 3.135593 2.086144 0.032596
1.415789 3.135593 2.006948 0.001151
1.531579 3.135593 1.931449 0.007143
1.647368 3.135593 1.860098 0.027461
1.415789 3.237288 2.103016 0.001033
1.531579 3.237288 2.025986 0.007024
1.647368 3.237288 1.952788 0.027358
1.300000 3.338983 2.281180 0.032389
1.415789 3.338983 2.199591 0.000941
1.531579 3.338983 2.121186 0.006931
1.647368 3.338983 2.046333 0.027285
1.415789 3.440678 2.296608 0.000867
1.531579 3.440678 2.216963 0.006856
1.647368 3.440678 2.140621 0.027231
1.415789 3.542373 2.394013 0.000806
1.531579 3.542373 2.313245 0.006793
1.647368 3.542373 2.235559 0.027192
1.300000 3.644068 2.576158 0.032212
1.415789 3.644068 2.491760 0.000759
1.531579 3.644068 2.409972 0.006745
1.647368 3.644068 2.331068 0.027166
1.300000 3.745763 2.674988 0.032165
1.415789 3.745763 2.589812 0.000712
1.531579 3.745763 2.507092 0.006697
1.647368 3.745763 2.427078 0.027142
1.300000 3.847458 2.774024 0.032124
1.415789 3.847458 2.688135 0.000670
1.531579 3.847458 2.604561 0.006654
1.647368 3.847458 2.523535 0.027123
1.300000 3.949153 2.873247 0.032087
1.415789 3.949153 2.786699 0.000632
1.531579 3.949153 2.702342 0.006616
1.647368 3.949153 2.620387 0.027109
1.300000 4.050847 2.972637 0.032053
1.415789 4.050847 2.885481 0.000598
1.531579 4.050847 2.800402 0.006581
1.647368 4.050847 2.717593 0.027097
1.300000 4.152542 3.072177 0.032021
1.415789 4.152542 2.984459 0.000567
1.531579 4.152542 2.898712 0.006550
1.647368 4.152542 2.815116 0.027087
1.300000 4.254237 3.171854 0.031993
1.415789 4.254237 3.083613 0.000539
1.531579 4.254237 2.997248 0.006522
1.647368 4.254237 2.912925 0.027292
1.300000 4.355932 3.271656 0.031966
1.415789 4.355932 3.182928 0.000513
1.531579 4.355932 3.095988 0.006495
1.647368 4.355932 3.010991 0.027284
1.300000 4.457627 3.371571 0.031941
1.415789 4.457627 3.282388 0.000488
1.531579 4.457627 3.194914 0.006471
1.647368 4.457627 3.109291 0.027277
1.300000 4.559322 3.471589 0.031918
1.415789 4.559322 3.381982 0.000465
1.531579 4.559322 3.294008 0.006448
1.647368 4.559322 3.207802 0.027271
1.300000 4.661017 3.571701 0.031896
1.415789 4.661017 3.481697 0.000444
1.531579 4.661017 3.393256 0.006427
1.647368 4.661017 3.306505 0.027265
1.300000 4.762712 3.671901 0.031875
1.531579 4.762712 3.492645 0.006407
1.300000 4.864407 3.772181 0.031856
1.531579 4.864407 3.592163 0.006388
1.300000 4.966102 3.872534 0.031838
1.531579 4.966102 3.691800 0.006371
1.300000 5.067797 3.972956 0.031820
1.531579 5.067797 3.791546 0.006355
1.647368 5.067797 3.702940 0.027243
1.531579 5.169492 3.891393 0.006339
1.647368 5.169492 3.802390 0.030791
1.531579 5.271186 3.991333 0.006325
1.531579 5.372881 4.091360 0.006312
1.415789 5.474576 4.282769 0.000149
1.531579 5.474576 4.191467 0.006300
1.415789 5.576271 4.383227 0.000136
1.531579 5.576271 4.291648 0.006288
1.647368 5.576271 4.201265 0.030775
1.415789 5.677966 4.483740 0.000123
1.531579 5.677966 4.391899 0.006277
1.415789 5.779661 4.584305 0.000111
1.415789 5.881356 4.684919 0.000100
1.415789 5.983051 4.785579 0.000089
1.531579 5.983051 4.693026 0.006248
1.415789 6.084746 4.886282 0.000078
1.531579 6.084746 4.793512 0.006239
1.415789 6.186441 4.987025 0.000246
1.531579 6.186441 4.894049 0.006231
1.415789 6.288136 5.087806 0.000060
1.531579 6.288136 4.994632 0.006223
1.415789 6.389831 5.188622 0.000051
1.531579 6.389831 5.095260 0.006216
1.300000 6.491525 5.383881 0.039593
1.415789 6.491525 5.289473 0.000042
1.531579 6.491525 5.195929 0.006210
1.300000 6.593220 5.484915 0.039586
1.415789 6.593220 5.390355 0.000217
1.531579 6.593220 5.296638 0.006203
1.300000 6.694915 5.585972 0.039578
1.415789 6.694915 5.491266 0.000211
1.300000 6.796610 5.687052 0.039572
1.415789 6.796610 5.592207 0.000019
1.300000 6.898305 5.788154 0.039565
1.415789 6.898305 5.693174 0.000201
1.300000 7.000000 5.889277 0.039559
1.415789 7.000000 5.794166 0.000196
1.415789 2.016949 0.819048 0.035640
1.415789 2.118644 0.905015 0.023873
1.531579 2.118644 0.834432 0.027723
1.415789 2.220339 0.993957 0.015340
1.531579 2.220339 0.918096 0.019953
1.647368 2.220339 0.851273 0.037263
1.415789 2.322034 1.085141 0.009634
1.531579 2.322034 1.005091 0.014766
1.647368 2.322034 0.932576 0.033907
1.300000 2.423729 1.266574 0.038139
1.415789 2.423729 1.178048 0.006171
1.531579 2.423729 1.094623 0.011726
1.647368 2.423729 1.017553 0.031743
1.300000 2.525424 1.362877 0.035714
1.415789 2.525424 1.272299 0.004050
1.531579 2.525424 1.186117 0.009885
1.647368 2.525424 1.105357 0.030278
1.300000 2.627119 1.459911 0.034483
1.415789 2.627119 1.367618 0.002949
1.531579 2.627119 1.279152 0.008886
1.647368 2.627119 1.195365 0.029355
1.300000 2.728814 1.557540 0.033658
1.415789 2.728814 1.463795 0.002192
1.531579 2.728814 1.373416 0.008175
1.647368 2.728814 1.287115 0.028622
1.415789 2.830508 1.560671 0.001730
1.531579 2.830508 1.468672 0.007729
1.647368 2.830508 1.380260 0.028140
1.415789 2.932203 1.658125 0.001448
1.531579 2.932203 1.564739 0.007452
1.647368 2.932203 1.474534 0.027840
1.300000 3.033898 1.853053 0.032658
1.415789 3.033898 1.756060 0.001229
1.531579 3.033898 1.661475 0.007233
1.647368 3.033898 1.569736 0.027607
1.300000 3.135593 1.952211 0.032510
1.415789 3.135593 1.854399 0.001079
1.531579 3.135593 1.758772 0.007082
1.647368 3.135593 1.665705 0.027455
1.300000 3.237288 2.051619 0.032412
1.415789 3.237288 1.953082 0.000978
1.531579 3.237288 1.856539 0.006979
1.647368 3.237288 1.762316 0.027359
1.415789 3.338983 2.052060 0.000892
1.531579 3.338983 1.954708 0.006889
1.647368 3.338983 1.859470 0.027282
1.415789 3.440678 2.151291 0.000827
1.531579 3.440678 2.053219 0.006822
1.647368 3.440678 1.957085 0.027230
1.300000 3.542373 2.351014 0.032210
1.415789 3.542373 2.250742 0.000768
1.531579 3.542373 2.152027 0.006761
1.647368 3.542373 2.055096 0.027189
1.300000 3.644068 2.451125 0.032162
1.415789 3.644068 2.350384 0.000717
1.531579 3.644068 2.251092 0.006708
1.647368 3.644068 2.153448 0.027158
1.300000 3.745763 2.551360 0.032122
1.415789 3.745763 2.450196 0.000676
1.531579 3.745763 2.350382 0.006665
1.647368 3.745763 2.252098 0.027135
1.300000 3.847458 2.651707 0.032084
1.415789 3.847458 2.550156 0.000636
1.531579 3.847458 2.449869 0.006624
1.647368 3.847458 2.351007 0.027116
1.300000 3.949153 2.752153 0.032049
1.415789 3.949153 2.650249 0.000600
1.531579 3.949153 2.549530 0.006587
1.647368 3.949153 2.450144 0.027101
1.300000 4.050847 2.852687 0.032019
1.415789 4.050847 2.750459 0.000570
1.531579 4.050847 2.649346 0.006556
1.647368 4.050847 2.549482 0.027090
1.300000 4.152542 2.953301 0.031989
1.415789 4.152542 2.850774 0.000540
1.531579 4.152542 2.749300 0.006526
1.647368 4.152542 2.649000 0.027293
1.300000 4.254237 3.053987 0.031964
1.415789 4.254237 2.951183 0.000515
1.531579 4.254237 2.849376 0.006501
1.647368 4.254237 2.748677 0.027286
1.300000 4.355932 3.154737 0.031939
1.415789 4.355932 3.051678 0.000490
1.531579 4.355932 2.949564 0.006475
1.647368 4.355932 2.848496 0.027278
1.300000 4.457627 3.255546 0.031915
1.415789 4.457627 3.152250 0.000466
1.531579 4.457627 3.049851 0.006451
1.647368 4.457627 2.948444 0.027271
1.300000 4.559322 3.356408 0.031895
1.415789 4.559322 3.252891 0.000446
1.531579 4.559322 3.150229 0.006431
1.647368 4.559322 3.048507 0.027265
1.300000 4.661017 3.457319 0.031874
1.415789 4.661017 3.353596 0.000425
1.531579 4.661017 3.250688 0.006410
1.300000 4.762712 3.558275 0.031855
1.531579 4.762712 3.351222 0.006392
1.300000 4.864407 3.659272 0.031837
1.531579 4.864407 3.451824 0.006374
1.300000 4.966102 3.760306 0.031819
1.647368 4.966102 3.449714 0.030796
1.531579 5.067797 3.653209 0.006343
1.647368 5.067797 3.550214 0.027239
1.531579 5.169492 3.753983 0.006328
1.531579 5.271186 3.854805 0.006314
1.415789 5.372881 4.059914 0.000317
1.531579 5.372881 3.955672 0.006302
1.415789 5.474576 4.160970 0.006122
1.531579 5.474576 4.056580 0.006289
1.647368 5.474576 3.952826 0.030775
1.415789 5.576271 4.262058 0.006111
1.531579 5.576271 4.157527 0.006279
1.647368 5.576271 4.053608 0.027218
1.415789 5.677966 4.363173 0.000112
1.415789 5.779661 4.464315 0.000100
1.531579 5.779661 4.359524 0.006258
1.415789 5.881356 4.565481 0.000090
1.531579 5.881356 4.460571 0.006249
1.415789 5.983051 4.666670 0.000080
1.531579 5.983051 4.561646 0.006240
1.415789 6.084746 4.767881 0.000070
1.415789 6.186441 4.869112 0.000061
1.531579 6.186441 4.763875 0.006225
1.415789 6.288136 4.970362 0.000231
1.531579 6.288136 4.865026 0.006217
1.300000 6.389831 5.177504 0.039594
1.415789 6.389831 5.071630 0.000044
1.531579 6.389831 4.966199 0.006211
1.300000 6.491525 5.278866 0.039587
1.415789 6.491525 5.172914 0.000035
1.531579 6.491525 5.067393 0.006204
1.300000 6.593220 5.380242 0.039579
1.415789 6.593220 5.274215 0.000212
1.300000 6.694915 5.481629 0.039573
1.415789 6.694915 5.375530 0.000020
1.300000 6.796610 5.583028 0.039566
1.415789 6.796610 5.476859 0.000201
1.300000 6.898305 5.684437 0.039560
1.415789 6.898305 5.578202 0.000197
1.300000 7.000000 5.785856 0.039554
1.415789 7.000000 5.679557 0.000000
1.415789 2.016949 0.662786 0.038497
1.531579 2.016949 0.565550 0.040189
1.415789 2.118644 0.758831 0.024594
1.531579 2.118644 0.658147 0.028533
1.415789 2.220339 0.856182 0.015908
1.531579 2.220339 0.753094 0.020512
1.647368 2.220339 0.654269 0.037495
1.415789 2.322034 0.954439 0.010093
1.531579 2.322034 0.849604 0.015146
1.647368 2.322034 0.748008 0.034422
1.300000 2.423729 1.161341 0.038112
1.415789 2.423729 1.053349 0.006140
1.531579 2.423729 0.947200 0.011598
1.647368 2.423729 0.843592 0.031963
1.300000 2.525424 1.261434 0.035517
1.415789 2.525424 1.152744 0.003874
1.531579 2.525424 1.045578 0.009731
1.647368 2.525424 0.940459 0.030555
1.300000 2.627119 1.361765 0.034237
1.415789 2.627119 1.252508 0.002740
1.531579 2.627119 1.144536 0.008712
1.647368 2.627119 1.038250 0.029381
1.415789 2.728814 1.352559 0.002080
1.531579 2.728814 1.243935 0.008087
1.647368 2.728814 1.136726 0.028664
1.415789 2.830508 1.452839 0.001658
1.531579 2.830508 1.343678 0.007673
1.647368 2.830508 1.235723 0.028173
1.415789 2.932203 1.553303 0.001377
1.531579 2.932203 1.443693 0.007393
1.647368 2.932203 1.335126 0.027845
1.415789 3.033898 1.653917 0.001181
1.531579 3.033898 1.543927 0.007195
1.647368 3.033898 1.434851 0.027618
1.415789 3.135593 1.754656 0.001042
1.531579 3.135593 1.644342 0.007052
1.647368 3.135593 1.534833 0.027464
1.415789 3.237288 1.855499 0.000940
1.531579 3.237288 1.744904 0.006947
1.647368 3.237288 1.635028 0.027359
1.300000 3.338983 2.067814 0.032291
1.415789 3.338983 1.956431 0.000861
1.531579 3.338983 1.845590 0.006864
1.647368 3.338983 1.735396 0.027283
1.415789 3.440678 2.057438 0.000797
1.531579 3.440678 1.946382 0.006797
1.647368 3.440678 1.835911 0.027228
1.300000 3.542373 2.270209 0.032180
1.415789 3.542373 2.158509 0.000743
1.531579 3.542373 2.047262 0.006740
1.647368 3.542373 1.936549 0.027187
1.300000 3.644068 2.371471 0.032136
1.415789 3.644068 2.259636 0.000696
1.531579 3.644068 2.148220 0.006691
1.647368 3.644068 2.037292 0.027156
1.300000 3.745763 2.472768 0.032097
1.415789 3.745763 2.360812 0.000655
1.531579 3.745763 2.249244 0.006647
1.647368 3.745763 2.138125 0.027132
1.300000 3.847458 2.574097 0.032062
1.415789 3.847458 2.462031 0.000618
1.531579 3.847458 2.350326 0.006609
1.647368 3.847458 2.239036 0.027114
1.300000 3.949153 2.675453 0.032026
1.415789 3.949153 2.563287 0.000581
1.531579 3.949153 2.451458 0.006571
1.647368 3.949153 2.340015 0.027097
1.300000 4.050847 2.776834 0.031996
1.415789 4.050847 2.664577 0.000551
1.531579 4.050847 2.552636 0.006540
1.647368 4.050847 2.441053 0.027299
1.300000 4.152542 2.878237 0.031969
1.415789 4.152542 2.765897 0.000524
1.531579 4.152542 2.653852 0.006512
1.647368 4.152542 2.542144 0.027289
1.300000 4.254237 2.979660 0.031944
1.415789 4.254237 2.867243 0.000498
1.531579 4.254237 2.755104 0.006485
1.300000 4.355932 3.081101 0.031921
1.415789 4.355932 2.968613 0.000475
1.531579 4.355932 2.856388 0.006461
1.647368 4.355932 2.744459 0.027274
1.300000 4.457627 3.182559 0.031899
1.415789 4.457627 3.070004 0.000453
1.531579 4.457627 2.957700 0.006439
1.300000 4.559322 3.284031 0.031879
1.415789 4.559322 3.171415 0.000433
1.300000 4.661017 3.385516 0.031859
1.415789 4.661017 3.272844 0.000413
1.300000 4.762712 3.487013 0.031841
1.531579 4.762712 3.261778 0.011173
1.647368 4.762712 3.149505 0.027251
1.300000 4.864407 3.588522 0.031824
1.531579 4.864407 3.363178 0.006365
1.300000 4.966102 3.690041 0.031808
1.647368 4.966102 3.352185 0.030793
1.531579 5.067797 3.566028 0.006334
1.647368 5.067797 3.453557 0.030789
1.531579 5.271186 3.768936 0.006307
1.531579 5.372881 3.870409 0.006295
1.415789 5.474576 4.084749 0.000129
1.531579 5.474576 3.971894 0.006284
1.647368 5.474576 3.859213 0.030773
1.415789 5.576271 4.186282 0.000117
1.531579 5.576271 4.073389 0.006273
1.415789 5.677966 4.287823 0.000106
1.531579 5.677966 4.174894 0.006263
1.415789 5.779661 4.389371 0.000095
1.415789 5.881356 4.490926 0.000085
1.531579 5.881356 4.377930 0.006244
1.415789 5.983051 4.592487 0.000075
1.531579 5.983051 4.479460 0.006236
1.415789 6.084746 4.694054 0.000065
1.531579 6.084746 4.580997 0.006228
1.415789 6.186441 4.795626 0.000056
1.531579 6.186441 4.682541 0.006221
1.415789 6.288136 4.897203 0.000228
1.531579 6.288136 4.784092 0.006214
1.300000 6.389831 5.112041 0.039590
1.415789 6.389831 4.998785 0.000039
1.531579 6.389831 4.885648 0.006208
1.300000 6.491525 5.213648 0.039583
1.415789 6.491525 5.100372 0.000215
1.531579 6.491525 4.987211 0.006202
1.300000 6.593220 5.315259 0.039576
1.415789 6.593220 5.201963 0.000024
1.300000 6.694915 5.416873 0.039569
1.415789 6.694915 5.303557 0.000204
1.300000 6.796610 5.518490 0.039563
1.415789 6.796610 5.405156 0.000199
1.300000 6.898305 5.620110 0.039557
1.415789 6.898305 5.506758 0.000194
1.300000 7.000000 5.721733 0.039551
1.415789 7.000000 5.608363 0.000190
