e,b,vi,ji,n12,n23,n31,nd,nc,v,vw,j,jw,delta_e
40000.0,0.0,3.0,3,0,1,0,0,0,4.0,3.536e-01,35.0,3.310e+00,4.314315363296295e-10
40000.0,0.0,3.0,3,0,1,0,0,0,7.0,1.006e+01,13.0,2.326e-25,1.2807153046412445e-09
40000.0,0.0,3.0,3,1,0,0,0,0,1.0,1.697e-11,16.0,1.557e-26,-1.8648109251229172e-08
40000.0,0.0,3.0,3,1,0,0,0,0,1.0,8.470e-22,5.0,2.421e-33,-1.1757945186929852e-08
40000.0,0.0,3.0,3,1,0,0,0,0,4.0,1.949e-22,17.0,1.127e-35,-3.959405039943853e-09
40000.0,0.0,3.0,3,1,0,0,0,0,8.0,1.331e-03,5.0,6.472e+00,2.9078823932104925e-09
40000.0,0.0,3.0,3,1,0,0,0,0,5.0,1.221e-31,3.0,1.032e+01,3.777677268224089e-09
40000.0,0.0,3.0,3,0,0,1,0,0,2.0,9.186e-03,24.0,8.918e-35,3.119384195393593e-10
40000.0,0.0,3.0,3,1,0,0,0,0,8.0,1.116e+01,4.0,5.095e-40,4.374731285561317e-09
40000.0,0.0,3.0,3,1,0,0,0,0,12.0,1.650e-38,8.0,3.104e-41,-1.88667553802091e-11
40000.0,0.25,3.0,3,0,0,0,1,0,0,0.000e+00,0,0.000e+00,9.421669902587304e-10
40000.0,0.25,3.0,3,0,0,0,1,0,0,0.000e+00,0,0.000e+00,1.0291407656626284e-09
40000.0,0.25,3.0,3,0,0,1,0,0,13.0,2.051e-06,16.0,6.424e-41,1.310753339200943e-09
40000.0,0.25,3.0,3,0,1,0,0,0,3.0,7.085e-03,28.0,8.311e-02,4.435885964104713e-10
40000.0,0.25,3.0,3,0,0,1,0,0,4.0,3.175e-37,5.0,4.533e-30,1.14313539190114e-09
40000.0,0.25,3.0,3,1,0,0,0,0,10.0,5.027e-08,14.0,1.111e+01,-1.2451718406358836e-09
40000.0,0.25,3.0,3,0,1,0,0,0,5.0,5.857e+00,15.0,2.209e-01,9.013988583328469e-10
40000.0,0.25,3.0,3,1,0,0,0,0,2.0,2.865e-01,17.0,1.331e-04,-5.443019285289452e-09
40000.0,0.0,3.0,3,0,0,0,1,0,0,0.000e+00,0,0.000e+00,9.649209903317413e-10
40000.0,0.0,3.0,3,0,1,0,0,0,11.0,1.014e-02,32.0,2.307e-36,1.1679423539412426e-09
40000.0,0.0,3.0,3,0,1,0,0,0,10.0,7.219e-14,2.0,7.232e-32,1.0625388138785219e-09
40000.0,0.0,3.0,3,0,1,0,0,0,7.0,1.673e-27,23.0,1.250e-07,8.24856884185099e-10
40000.0,0.0,3.0,3,0,1,0,0,0,9.0,2.360e-35,3.0,8.578e-02,1.363995978664878e-09
40000.0,0.0,3.0,3,1,0,0,0,0,-0.0,1.875e-06,6.0,3.017e-23,-9.801903858019934e-09
40000.0,0.0,3.0,3,0,0,0,1,0,0,0.000e+00,0,0.000e+00,9.688716738620595e-10
40000.0,0.0,3.0,3,1,0,0,0,0,2.0,1.909e-40,12.0,2.911e+00,-3.641427354095228e-09
40000.0,0.0,3.0,3,0,1,0,0,0,5.0,7.465e-31,16.0,6.890e-06,9.923455390747904e-10
40000.0,0.0,3.0,3,1,0,0,0,0,2.0,1.989e-02,7.0,4.267e-17,-5.585212847769583e-11
40000.0,0.25,3.0,3,0,0,0,1,0,0,0.000e+00,0,0.000e+00,1.0206010411795141e-09
40000.0,0.25,3.0,3,0,0,1,0,0,10.0,4.129e-28,20.0,9.851e+00,9.988823587714357e-10
40000.0,0.25,3.0,3,0,0,1,0,0,7.0,2.595e-10,23.0,1.003e+01,1.042812891594025e-09
40000.0,0.25,3.0,3,1,0,0,0,0,14.0,1.092e-12,1.0,2.668e-32,1.0046899909244011e-09
40000.0,0.25,3.0,3,1,0,0,0,0,8.0,3.588e-05,18.0,1.344e-19,-1.4813329035634482e-09
40000.0,0.25,3.0,3,0,0,1,0,0,6.0,3.664e-20,13.0,7.547e-09,1.0736795064136828e-09
40000.0,0.25,3.0,3,1,0,0,0,0,3.0,6.253e-11,18.0,6.407e-05,-5.01563587884668e-09
40000.0,0.25,3.0,3,1,0,0,0,0,5.0,1.065e+01,11.0,2.928e-37,-1.0652657783660757e-09
40000.0,0.25,3.0,3,1,0,0,0,0,6.0,2.417e+00,6.0,8.118e-18,2.215772745839395e-09
40000.0,0.25,3.0,3,0,0,1,0,0,3.0,4.841e-04,30.0,2.438e-01,6.755492831800325e-10
40000.0,0.5,3.0,3,0,0,0,1,0,0,0.000e+00,0,0.000e+00,1.0180619749999842e-09
40000.0,0.5,3.0,3,0,0,0,1,0,0,0.000e+00,0,0.000e+00,9.162891209668622e-10
40000.0,0.5,3.0,3,0,0,1,0,0,12.0,1.438e-11,4.0,4.923e-09,8.96233504077415e-10
40000.0,0.5,3.0,3,0,1,0,0,0,2.0,4.441e-30,31.0,6.312e-25,4.591927602048962e-10
40000.0,0.5,3.0,3,0,0,1,0,0,6.0,1.558e-38,21.0,1.097e+01,6.608188302115181e-10
40000.0,0.5,3.0,3,1,0,0,0,0,-0.0,2.895e-26,2.0,1.469e-11,-5.5414178662394065e-09
40000.0,0.5,3.0,3,1,0,0,0,0,1.0,1.166e-36,30.0,1.033e-39,-6.800454505073716e-10
40000.0,0.5,3.0,3,1,0,0,0,0,8.0,2.883e-25,9.0,3.256e-20,1.600193116901849e-09
40000.0,0.5,3.0,3,1,0,0,0,0,11.0,7.569e+00,2.0,3.705e-02,1.5976149708718523e-09
40000.0,0.5,3.0,3,1,0,0,0,0,5.0,5.959e-06,5.0,3.614e-36,2.6053707385953473e-09
40000.0,0.75,3.0,3,1,0,0,0,0,4.0,6.445e-18,28.0,5.269e+00,-1.8540462914939937e-10
40000.0,0.75,3.0,3,0,0,1,0,0,6.0,7.109e+00,11.0,2.642e-06,1.1201807120775342e-09
40000.0,0.75,3.0,3,1,0,0,0,0,-0.0,2.943e-13,7.0,7.693e-17,-6.16796136387876e-09
40000.0,0.75,3.0,3,1,0,0,0,0,3.0,2.723e-31,10.0,9.035e-15,-1.751519609904939e-09
40000.0,0.75,3.0,3,1,0,0,0,0,2.0,6.164e-04,12.0,3.984e+00,-2.8508767846435745e-09
40000.0,0.75,3.0,3,1,0,0,0,0,3.0,1.114e-36,16.0,4.270e-13,-4.113657206539223e-09
40000.0,0.75,3.0,3,1,0,0,0,0,2.0,7.535e-04,5.0,8.709e+00,1.897329515720969e-09
40000.0,0.75,3.0,3,1,0,0,0,0,5.0,1.075e-15,5.0,2.041e-30,2.3670732596237087e-09
40000.0,0.75,3.0,3,0,0,1,0,0,11.0,3.637e-39,18.0,1.524e-40,1.2030520607497763e-09
40000.0,0.75,3.0,3,1,0,0,0,0,1.0,1.113e-06,14.0,3.693e-17,-1.4991552346743653e-08
40000.0,1.0,3.0,3,0,0,0,1,0,0,0.000e+00,0,0.000e+00,1.066218495437976e-09
40000.0,1.0,3.0,3,0,0,0,1,0,0,0.000e+00,0,0.000e+00,7.555988230933952e-10
40000.0,1.0,3.0,3,0,1,0,0,0,13.0,2.566e-08,19.0,2.224e-13,7.047569194895686e-10
40000.0,1.0,3.0,3,1,0,0,0,0,-0.0,4.248e-07,8.0,1.890e-15,-7.807145319116415e-09
40000.0,1.0,3.0,3,1,0,0,0,0,2.0,4.694e-03,11.0,1.026e+01,-2.492475351112411e-09
40000.0,1.0,3.0,3,1,0,0,0,0,2.0,2.416e-25,13.0,6.484e-01,-4.433996253494499e-09
40000.0,1.0,3.0,3,1,0,0,0,0,5.0,6.159e-17,15.0,7.236e-40,-3.2805066302321606e-09
40000.0,1.0,3.0,3,1,0,0,0,0,6.0,2.305e-42,9.0,4.673e-42,7.725227541000024e-10
40000.0,1.0,3.0,3,1,0,0,0,0,6.0,8.719e-11,21.0,8.447e-41,-2.4227778117058563e-09
40000.0,1.0,3.0,3,1,0,0,0,0,2.0,5.742e-03,8.0,1.245e-37,1.6544689229736065e-10
40000.0,1.25,3.0,3,0,1,0,0,0,12.0,1.196e-05,25.0,5.845e-01,1.3261794371000057e-09
40000.0,1.25,3.0,3,1,0,0,0,0,6.0,1.836e-42,22.0,5.111e-02,-2.8298013932115396e-09
40000.0,1.25,3.0,3,1,0,0,0,0,0.0,2.294e-16,9.0,3.842e-23,-1.4935947992289478e-08
40000.0,1.25,3.0,3,1,0,0,0,0,2.0,1.920e-11,20.0,3.495e-16,-7.62738015802622e-09
40000.0,1.25,3.0,3,1,0,0,0,0,2.0,9.584e-26,9.0,1.671e-31,-9.74922365060138e-10
40000.0,1.25,3.0,3,1,0,0,0,0,2.0,5.371e-26,7.0,4.882e-07,4.3885101108642743e-10
40000.0,1.25,3.0,3,1,0,0,0,0,1.0,6.127e+00,3.0,3.905e-06,-8.921880095824619e-09
40000.0,1.25,3.0,3,1,0,0,0,0,6.0,2.925e-01,10.0,7.630e-21,-1.6683586456789357e-10
40000.0,1.25,3.0,3,1,0,0,0,0,0.0,9.757e-02,28.0,1.189e-04,-8.595605158201458e-09
40000.0,1.25,3.0,3,1,0,0,0,0,4.0,3.701e-35,4.0,6.140e-01,2.7631417848228423e-09
40000.0,1.5,3.0,3,0,0,0,1,0,0,0.000e+00,0,0.000e+00,1.2228800506941528e-09
40000.0,1.5,3.0,3,0,0,1,0,0,15.0,2.452e+00,28.0,6.114e-22,1.0695543062322344e-09
40000.0,1.5,3.0,3,0,0,0,1,0,0,0.000e+00,0,0.000e+00,1.1328351937067715e-09
40000.0,1.5,3.0,3,1,0,0,0,0,0.0,1.641e-19,7.0,1.058e+01,-1.392607713868177e-08
40000.0,1.5,3.0,3,1,0,0,0,0,1.0,4.368e+00,11.0,3.355e-32,-6.167558561087638e-09
40000.0,1.5,3.0,3,1,0,0,0,0,0.0,4.401e-34,7.0,9.879e-33,-1.3427306364000025e-08
40000.0,1.5,3.0,3,1,0,0,0,0,12.0,3.020e-01,3.0,5.870e-09,1.3732677495159606e-10
40000.0,1.5,3.0,3,1,0,0,0,0,11.0,3.682e-04,5.0,6.689e-01,7.835343068807177e-10
40000.0,1.5,3.0,3,1,0,0,0,0,1.0,1.171e-38,9.0,1.929e-07,-1.574474828291983e-09
40000.0,1.5,3.0,3,1,0,0,0,0,13.0,2.936e-20,4.0,4.147e+00,1.350411848316524e-09
40000.0,1.75,3.0,3,0,0,0,1,0,0,0.000e+00,0,0.000e+00,1.016674966436426e-09
40000.0,1.75,3.0,3,0,0,1,0,0,11.0,8.273e-04,35.0,3.460e-23,6.28660963564176e-10
40000.0,1.75,3.0,3,0,1,0,0,0,2.0,8.448e+00,46.0,6.284e-07,-2.107876373447226e-11
40000.0,1.75,3.0,3,1,0,0,0,0,-0.0,2.243e-38,6.0,3.979e-40,-5.1420533941914925e-09
40000.0,1.75,3.0,3,1,0,0,0,0,0.0,5.762e-07,9.0,5.441e-09,-1.4719404861640584e-08
40000.0,1.75,3.0,3,1,0,0,0,0,0.0,1.758e-04,8.0,5.611e-11,-1.3658919911785361e-08
40000.0,1.75,3.0,3,0,0,1,0,0,12.0,4.540e-05,9.0,4.927e+00,1.1644837941138242e-09
40000.0,1.75,3.0,3,1,0,0,0,0,0.0,3.381e-07,3.0,1.358e-08,-1.1660262422275025e-08
40000.0,1.75,3.0,3,1,0,0,0,0,5.0,8.121e-14,8.0,1.750e-03,1.1168916069781432e-09
40000.0,1.75,3.0,3,1,0,0,0,0,9.0,3.550e-06,7.0,1.270e-20,1.6691105997335143e-09
40000.0,2.0,3.0,3,0,0,0,1,0,0,0.000e+00,0,0.000e+00,1.1109484755744692e-09
40000.0,2.0,3.0,3,1,0,0,0,0,11.0,1.021e-10,13.0,3.570e-37,-1.5155823818169267e-10
40000.0,2.0,3.0,3,1,0,0,0,0,-0.0,1.825e-12,3.0,4.667e-19,-8.142039528702405e-09
40000.0,2.0,3.0,3,1,0,0,0,0,2.0,5.875e-39,20.0,9.604e+00,-6.332713090029252e-09
40000.0,2.0,3.0,3,1,0,0,0,0,2.0,3.300e+00,15.0,7.557e-07,-4.9001213919819264e-09
40000.0,2.0,3.0,3,1,0,0,0,0,4.0,1.294e-07,21.0,1.117e+01,-4.433800701586499e-09
40000.0,2.0,3.0,3,1,0,0,0,0,3.0,9.633e-02,11.0,2.967e-31,-1.3605113841075323e-09
40000.0,2.0,3.0,3,1,0,0,0,0,3.0,2.333e+00,13.0,7.112e-39,-2.796879491895332e-09
40000.0,2.0,3.0,3,1,0,0,0,0,0.0,3.336e-33,24.0,1.606e-03,-1.5220052856923516e-08
40000.0,2.0,3.0,3,1,0,0,0,0,5.0,1.247e-13,17.0,3.598e-21,-3.859819699969513e-09
40000.0,2.25,3.0,3,0,0,1,0,0,7.0,1.594e-04,29.0,4.238e-02,8.61588196621188e-10
40000.0,2.25,3.0,3,1,0,0,0,0,1.0,7.390e-43,11.0,1.051e-07,-1.7064073876138508e-08
40000.0,2.25,3.0,3,1,0,0,0,0,0.0,1.128e-15,6.0,1.002e-41,-1.361564083701694e-08
40000.0,2.25,3.0,3,1,0,0,0,0,2.0,1.226e-19,8.0,3.864e+00,-8.49147002712769e-10
40000.0,2.25,3.0,3,1,0,0,0,0,1.0,3.121e-25,7.0,1.193e-24,-1.2246743286148387e-08
40000.0,2.25,3.0,3,1,0,0,0,0,1.0,6.621e-32,6.0,4.149e-01,-1.8843717836114493e-09
40000.0,2.25,3.0,3,1,0,0,0,0,3.0,6.558e-23,15.0,7.126e-06,-3.845700424776055e-09
40000.0,2.25,3.0,3,1,0,0,0,0,4.0,5.879e-01,11.0,1.119e+01,-1.3315712144024161e-09
40000.0,2.25,3.0,3,1,0,0,0,0,0.0,1.078e+01,13.0,3.790e-01,-1.563262264081544e-08
40000.0,2.25,3.0,3,1,0,0,0,0,3.0,3.219e-03,18.0,2.863e-28,-5.028525915107274e-09
40000.0,2.5,3.0,3,0,0,0,1,0,0,0.000e+00,0,0.000e+00,1.1711154303262195e-09
40000.0,2.5,3.0,3,0,0,1,0,0,12.0,7.901e-21,33.0,2.289e-06,5.844196168669491e-10
40000.0,2.5,3.0,3,0,0,1,0,0,11.0,1.045e-17,22.0,2.531e-03,6.347375611226447e-10
40000.0,2.5,3.0,3,0,0,1,0,0,11.0,4.635e-30,37.0,2.413e-31,1.1056903795325645e-09
40000.0,2.5,3.0,3,0,0,1,0,0,2.0,3.176e-13,11.0,9.054e-05,1.3719730906913696e-10
40000.0,2.5,3.0,3,1,0,0,0,0,-0.0,1.367e-01,16.0,1.679e-31,-2.588123161617606e-08
40000.0,2.5,3.0,3,1,0,0,0,0,2.0,6.718e-24,22.0,1.116e+01,-7.758193282247916e-09
40000.0,2.5,3.0,3,1,0,0,0,0,4.0,1.538e-37,11.0,5.325e-03,-1.3221922168238365e-09
40000.0,2.5,3.0,3,1,0,0,0,0,7.0,6.023e+00,8.0,1.547e-28,9.991296401334893e-10
40000.0,2.5,3.0,3,1,0,0,0,0,6.0,6.764e-24,6.0,1.087e-02,1.3872851062357583e-09
40000.0,2.75,3.0,3,1,0,0,0,0,3.0,2.599e-15,25.0,5.881e-23,-2.8654701944574867e-09
40000.0,2.75,3.0,3,1,0,0,0,0,0.0,2.150e-19,10.0,2.723e-14,-1.6141979836126197e-08
40000.0,2.75,3.0,3,1,0,0,0,0,3.0,2.991e-36,25.0,2.577e-01,-3.0616389007365186e-09
40000.0,2.75,3.0,3,1,0,0,0,0,0.0,1.203e-42,7.0,5.353e-16,-1.3329961232044774e-08
40000.0,2.75,3.0,3,1,0,0,0,0,2.0,2.006e-13,9.0,1.419e-07,-8.55457177317831e-10
40000.0,2.75,3.0,3,1,0,0,0,0,2.0,2.498e-07,13.0,1.061e-37,-4.014361107418374e-09
40000.0,2.75,3.0,3,1,0,0,0,0,11.0,5.084e-03,4.0,6.570e-06,1.567405580327197e-09
40000.0,2.75,3.0,3,1,0,0,0,0,9.0,5.108e-23,10.0,2.165e-05,2.8892747916398065e-10
40000.0,2.75,3.0,3,0,0,1,0,0,6.0,8.169e-10,54.0,1.764e-10,5.322236748539488e-10
40000.0,2.75,3.0,3,1,0,0,0,0,2.0,4.300e-08,2.0,1.100e+01,3.253355806975833e-09
40000.0,3.0,3.0,3,0,0,1,0,0,3.0,1.511e-23,50.0,1.587e-14,2.008407329334716e-10
40000.0,3.0,3.0,3,1,0,0,0,0,2.0,1.104e+01,30.0,1.753e-28,-3.4581583430171037e-10
40000.0,3.0,3.0,3,1,0,0,0,0,0.0,7.399e+00,15.0,4.575e-02,-2.414243861770249e-08
40000.0,3.0,3.0,3,1,0,0,0,0,1.0,6.258e-28,1.0,1.306e-26,-3.5587593011365826e-09
40000.0,3.0,3.0,3,1,0,0,0,0,4.0,5.037e-09,17.0,1.009e+01,-3.8637809479658e-09
40000.0,3.0,3.0,3,1,0,0,0,0,5.0,5.329e-21,16.0,1.331e-04,-2.985596367355292e-09
40000.0,3.0,3.0,3,1,0,0,0,0,4.0,5.926e-03,8.0,1.910e-03,1.6955392645456868e-10
40000.0,3.0,3.0,3,0,1,0,0,0,11.0,2.453e-13,20.0,2.206e-19,1.5829862420879692e-09
40000.0,3.0,3.0,3,1,0,0,0,0,5.0,7.306e+00,6.0,1.124e-01,2.366286569466247e-09
40000.0,3.0,3.0,3,1,0,0,0,0,1.0,3.971e-13,7.0,1.132e-08,-2.9905834197929693e-09
40000.0,3.25,3.0,3,0,0,1,0,0,6.0,1.108e+01,40.0,8.139e-14,5.277282222326818e-10
40000.0,3.25,3.0,3,1,0,0,0,0,9.0,8.986e+00,17.0,3.152e-23,-1.4239512624580897e-09
40000.0,3.25,3.0,3,1,0,0,0,0,-0.0,5.747e-04,21.0,2.675e-28,-1.9713332397031103e-08
40000.0,3.25,3.0,3,1,0,0,0,0,2.0,2.292e-20,13.0,2.506e-22,-3.5477324411559152e-09
40000.0,3.25,3.0,3,1,0,0,0,0,3.0,2.007e+00,14.0,3.520e-11,-3.5238660878178507e-09
40000.0,3.25,3.0,3,1,0,0,0,0,2.0,2.119e-35,7.0,4.919e+00,5.839822514452919e-10
40000.0,3.25,3.0,3,1,0,0,0,0,2.0,2.842e+00,4.0,1.103e+01,2.275653776528941e-09
40000.0,3.25,3.0,3,1,0,0,0,0,8.0,2.023e-08,1.0,1.040e-02,4.315639595686704e-09
40000.0,3.25,3.0,3,1,0,0,0,0,0.0,2.804e-04,27.0,1.322e-12,-1.4673339043813627e-08
40000.0,3.25,3.0,3,1,0,0,0,0,5.0,5.794e-05,15.0,1.545e-07,-2.8020070153012e-09
40000.0,3.5,3.0,3,1,0,0,0,0,1.0,4.502e+00,20.0,7.138e-33,-1.6210829456575482e-08
40000.0,3.5,3.0,3,1,0,0,0,0,1.0,3.505e-01,18.0,2.730e-39,-1.3079143448835318e-08
40000.0,3.5,3.0,3,1,0,0,0,0,2.0,2.772e-09,23.0,1.425e-01,-7.080754177435367e-09
40000.0,3.5,3.0,3,1,0,0,0,0,5.0,1.652e-18,19.0,3.537e-20,-3.865675127223689e-09
40000.0,3.5,3.0,3,1,0,0,0,0,5.0,6.656e-01,17.0,4.339e+00,-3.309814339269579e-09
40000.0,3.5,3.0,3,1,0,0,0,0,5.0,2.524e-13,9.0,4.978e-02,7.418919784063505e-10
40000.0,3.5,3.0,3,1,0,0,0,0,7.0,5.928e-07,11.0,2.742e-02,1.1183970416439593e-11
40000.0,3.5,3.0,3,1,0,0,0,0,6.0,2.990e-07,10.0,1.799e-30,7.800683432535038e-10
40000.0,3.5,3.0,3,1,0,0,0,0,2.0,6.867e-25,15.0,3.717e-21,-4.976688464108925e-09
40000.0,3.5,3.0,3,1,0,0,0,0,5.0,6.847e-01,10.0,8.116e-01,-4.627203065155072e-10
40000.0,3.75,3.0,3,1,0,0,0,0,0.0,1.034e+01,10.0,1.070e+01,-1.4396880909650633e-08
40000.0,3.75,3.0,3,1,0,0,0,0,-0.0,1.352e-28,2.0,1.127e+01,-4.8526124507564106e-09
40000.0,3.75,3.0,3,1,0,0,0,0,2.0,6.379e-04,5.0,1.670e-01,8.897076270164561e-10
40000.0,3.75,3.0,3,1,0,0,0,0,4.0,3.313e-40,17.0,1.906e-10,-3.8619866471467645e-09
40000.0,3.75,3.0,3,1,0,0,0,0,2.0,3.609e-37,9.0,2.891e-05,-3.9272352037045266e-10
40000.0,3.75,3.0,3,1,0,0,0,0,5.0,8.156e-20,11.0,3.706e-18,-8.036298154712185e-10
40000.0,3.75,3.0,3,1,0,0,0,0,5.0,5.701e-40,11.0,9.657e+00,-1.1013318590435972e-09
40000.0,3.75,3.0,3,1,0,0,0,0,7.0,3.478e+00,9.0,5.298e-13,7.281296676708848e-10
40000.0,3.75,3.0,3,1,0,0,0,0,0.0,2.587e-14,11.0,8.066e-14,-1.8409050256407156e-08
40000.0,3.75,3.0,3,1,0,0,0,0,5.0,9.050e-07,12.0,3.507e-32,-1.8823587411009868e-09
40000.0,4.0,3.0,3,1,0,0,0,0,0.0,5.291e-03,28.0,2.758e-01,-8.576870255683211e-09
40000.0,4.0,3.0,3,1,0,0,0,0,1.0,1.874e+00,23.0,1.655e-04,-1.1788224035802486e-08
40000.0,4.0,3.0,3,1,0,0,0,0,2.0,3.791e-12,7.0,1.122e-36,6.149835085622612e-10
40000.0,4.0,3.0,3,1,0,0,0,0,4.0,1.181e+00,9.0,8.309e-03,9.279652046778608e-11
40000.0,4.0,3.0,3,1,0,0,0,0,1.0,3.644e-07,2.0,1.320e-24,-6.015211537202525e-09
40000.0,4.0,3.0,3,1,0,0,0,0,2.0,8.595e-05,7.0,8.385e+00,9.32232541162037e-10
40000.0,4.0,3.0,3,1,0,0,0,0,2.0,4.378e-03,8.0,3.646e-12,2.7409523262189595e-10
40000.0,4.0,3.0,3,1,0,0,0,0,4.0,5.551e+00,7.0,3.550e-07,1.6983108114265733e-09
40000.0,4.0,3.0,3,1,0,0,0,0,2.0,1.129e-30,4.0,1.384e-14,3.6632595568075743e-10
40000.0,4.0,3.0,3,1,0,0,0,0,7.0,3.165e+00,11.0,2.764e-04,6.622595527527864e-11
40000.0,4.25,3.0,3,1,0,0,0,0,1.0,1.999e+00,11.0,9.441e-01,-8.428011830097226e-09
40000.0,4.25,3.0,3,1,0,0,0,0,1.0,4.144e-01,6.0,4.288e-05,-7.3498200303667716e-09
40000.0,4.25,3.0,3,1,0,0,0,0,2.0,4.063e-02,16.0,1.095e+01,-5.368263583660493e-09
40000.0,4.25,3.0,3,1,0,0,0,0,1.0,1.120e+01,10.0,1.988e-05,-8.913835752855093e-09
40000.0,4.25,3.0,3,1,0,0,0,0,2.0,1.067e-10,10.0,5.632e+00,-1.6564591920342764e-09
40000.0,4.25,3.0,3,1,0,0,0,0,2.0,1.273e-14,6.0,7.436e-25,1.8675157670289266e-09
40000.0,4.25,3.0,3,1,0,0,0,0,3.0,1.006e+01,14.0,4.538e-10,-2.798540565951413e-09
40000.0,4.25,3.0,3,1,0,0,0,0,6.0,2.639e-24,3.0,4.639e-16,4.246512419481263e-09
40000.0,4.25,3.0,3,1,0,0,0,0,0.0,8.736e-06,23.0,3.457e-05,-1.9868280354273793e-08
40000.0,4.25,3.0,3,1,0,0,0,0,3.0,1.557e-38,10.0,2.794e+00,-7.796293749473548e-10
40000.0,4.5,3.0,3,1,0,0,0,0,1.0,1.774e-15,19.0,2.344e-14,-1.0095020402944854e-08
40000.0,4.5,3.0,3,1,0,0,0,0,1.0,8.795e-02,18.0,8.540e-04,-9.39685421141867e-09
40000.0,4.5,3.0,3,1,0,0,0,0,1.0,9.281e-02,1.0,1.652e-03,-9.967592459747543e-09
40000.0,4.5,3.0,3,1,0,0,0,0,2.0,6.303e-24,10.0,3.342e-08,-1.6406561803572473e-09
40000.0,4.5,3.0,3,1,0,0,0,0,1.0,3.911e-09,10.0,1.932e-14,-2.594224515761745e-09
40000.0,4.5,3.0,3,1,0,0,0,0,3.0,3.305e-13,3.0,2.597e-35,3.4128083553630617e-09
40000.0,4.5,3.0,3,1,0,0,0,0,9.0,1.110e+01,9.0,1.171e-26,5.725098589648425e-10
40000.0,4.5,3.0,3,1,0,0,0,0,6.0,1.935e-10,10.0,3.335e-26,1.735334098640351e-12
40000.0,4.5,3.0,3,1,0,0,0,0,1.0,9.982e-05,5.0,4.635e-10,-5.655762136402842e-09
40000.0,4.5,3.0,3,1,0,0,0,0,3.0,2.361e-12,3.0,1.119e+01,3.700582576482425e-09
40000.0,4.75,3.0,3,1,0,0,0,0,1.0,1.237e-03,15.0,1.857e-40,-9.96436483324814e-09
40000.0,4.75,3.0,3,1,0,0,0,0,1.0,1.487e-27,15.0,4.083e-07,-1.5667131633700926e-08
40000.0,4.75,3.0,3,1,0,0,0,0,1.0,2.011e-05,10.0,3.280e-01,-1.1957720105759684e-08
40000.0,4.75,3.0,3,1,0,0,0,0,1.0,2.060e-06,4.0,2.156e-41,-1.0864391761233883e-08
40000.0,4.75,3.0,3,1,0,0,0,0,2.0,8.036e-11,5.0,7.037e-03,1.4126571301620316e-09
40000.0,4.75,3.0,3,1,0,0,0,0,5.0,1.927e-14,7.0,1.424e-24,1.326858553585275e-09
40000.0,4.75,3.0,3,1,0,0,0,0,5.0,1.325e+00,7.0,3.315e+00,2.158644013539046e-09
40000.0,4.75,3.0,3,1,0,0,0,0,4.0,5.460e-19,7.0,4.768e-12,1.2528232617992074e-09
40000.0,4.75,3.0,3,1,0,0,0,0,0.0,5.206e-32,12.0,4.769e-20,-2.0581435472566412e-08
40000.0,4.75,3.0,3,1,0,0,0,0,1.0,7.293e-18,9.0,1.487e-02,-1.4003946349760987e-08
40000.0,0.0,3.0,3,0,0,0,1,0,0,0.000e+00,0,0.000e+00,1.02148028924276e-09
40000.0,0.0,3.0,3,0,0,0,1,0,0,0.000e+00,0,0.000e+00,9.938613751425684e-10
40000.0,0.0,3.0,3,0,1,0,0,0,14.0,4.871e-08,26.0,1.386e-30,1.1482317735511671e-09
40000.0,0.0,3.0,3,0,0,1,0,0,7.0,1.167e-07,8.0,1.830e+00,6.322418907855898e-10
40000.0,0.0,3.0,3,0,1,0,0,0,5.0,6.130e-24,8.0,9.021e-06,1.2110981870150361e-09
40000.0,0.0,3.0,3,1,0,0,0,0,6.0,3.579e-01,23.0,3.938e-01,-2.0162774089227398e-09
40000.0,0.0,3.0,3,1,0,0,0,0,1.0,4.104e-18,21.0,6.385e-17,-9.42063038689156e-09
40000.0,0.0,3.0,3,1,0,0,0,0,4.0,2.575e-42,14.0,3.939e-19,-3.500343043194576e-09
40000.0,0.0,3.0,3,1,0,0,0,0,12.0,2.043e-41,7.0,1.004e-18,8.173151946899715e-10
40000.0,0.0,3.0,3,1,0,0,0,0,1.0,9.171e-39,6.0,4.162e-07,-1.3043991456407333e-08
40000.0,0.25,3.0,3,0,0,0,1,0,0,0.000e+00,0,0.000e+00,1.0724027048325535e-09
40000.0,0.25,3.0,3,0,1,0,0,0,19.0,5.117e-16,8.0,1.122e-36,1.0683392920318724e-09
40000.0,0.25,3.0,3,0,0,1,0,0,17.0,3.709e-02,15.0,1.220e-01,1.0014338525099475e-09
40000.0,0.25,3.0,3,0,1,0,0,0,8.0,4.218e-31,3.0,1.960e-11,7.142477442823036e-10
40000.0,0.25,3.0,3,0,0,1,0,0,7.0,5.409e-19,18.0,1.383e-30,1.0568184799497615e-09
40000.0,0.25,3.0,3,1,0,0,0,0,6.0,5.545e-33,17.0,8.948e+00,-2.580233533777676e-09
40000.0,0.25,3.0,3,1,0,0,0,0,3.0,3.127e-14,5.0,4.940e-03,3.0515051180346475e-09
40000.0,0.25,3.0,3,1,0,0,0,0,6.0,4.211e-32,13.0,6.823e-36,-1.0370934111492147e-09
40000.0,0.25,3.0,3,0,0,0,1,0,0,0.000e+00,0,0.000e+00,6.062565310882562e-09
40000.0,0.25,3.0,3,1,0,0,0,0,-0.0,3.137e-02,8.0,2.780e+00,-1.1132902696942004e-08
40000.0,0.5,3.0,3,0,0,0,1,0,0,0.000e+00,0,0.000e+00,1.0298424023280628e-09
40000.0,0.5,3.0,3,0,0,0,1,0,0,0.000e+00,0,0.000e+00,1.1378995037891748e-09
40000.0,0.5,3.0,3,0,0,1,0,0,16.0,2.532e-42,20.0,3.047e-25,8.929985188810274e-10
40000.0,0.5,3.0,3,1,0,0,0,0,6.0,1.946e-33,21.0,2.104e-17,-3.110601831668447e-09
40000.0,0.5,3.0,3,0,0,1,0,0,2.0,2.841e+00,17.0,1.501e-07,2.0281158696899837e-10
40000.0,0.5,3.0,3,1,0,0,0,0,1.0,4.613e-24,23.0,2.466e-16,-7.970993184946984e-09
40000.0,0.5,3.0,3,0,0,1,0,0,14.0,1.225e-13,10.0,2.233e-10,6.895665566331033e-10
40000.0,0.5,3.0,3,1,0,0,0,0,6.0,6.313e-06,5.0,3.864e-16,2.496791218220551e-09
40000.0,0.5,3.0,3,1,0,0,0,0,6.0,1.126e+01,10.0,2.299e-28,-1.0952716511525296e-10
40000.0,0.5,3.0,3,1,0,0,0,0,7.0,4.664e-09,3.0,8.475e-30,3.3824748280064654e-09
40000.0,0.75,3.0,3,0,0,0,1,0,0,0.000e+00,0,0.000e+00,1.0548869902593516e-09
40000.0,0.75,3.0,3,0,1,0,0,0,4.0,1.935e-31,15.0,1.642e-01,1.2641953039960185e-09
40000.0,0.75,3.0,3,0,0,0,1,0,0,0.000e+00,0,0.000e+00,1.028343306341828e-09
40000.0,0.75,3.0,3,1,0,0,0,0,1.0,1.485e-20,20.0,5.150e-04,-2.0513722637227616e-08
40000.0,0.75,3.0,3,1,0,0,0,0,3.0,6.513e+00,7.0,3.078e-35,2.368427398646844e-10
40000.0,0.75,3.0,3,1,0,0,0,0,9.0,1.035e-19,5.0,5.313e+00,2.1639090658220894e-09
40000.0,0.75,3.0,3,1,0,0,0,0,4.0,2.619e-26,7.0,7.399e-17,3.038995721738047e-10
40000.0,0.75,3.0,3,1,0,0,0,0,5.0,1.479e-02,8.0,9.413e-32,1.1456991882985434e-09
40000.0,0.75,3.0,3,1,0,0,0,0,8.0,6.681e-29,5.0,1.167e+00,2.761497572278948e-09
40000.0,0.75,3.0,3,1,0,0,0,0,9.0,2.138e-40,2.0,8.370e+00,2.937488544074718e-09
40000.0,1.0,3.0,3,0,0,0,1,0,0,0.000e+00,0,0.000e+00,1.1797402291180425e-09
40000.0,1.0,3.0,3,0,0,0,1,0,0,0.000e+00,0,0.000e+00,1.0172651332407412e-09
40000.0,1.0,3.0,3,0,1,0,0,0,2.0,1.870e-19,18.0,2.594e+00,4.951693222121634e-10
40000.0,1.0,3.0,3,1,0,0,0,0,0.0,1.132e+00,8.0,3.363e-02,-1.289792911363108e-08
40000.0,1.0,3.0,3,1,0,0,0,0,11.0,1.011e-19,8.0,1.027e-09,7.058544027049862e-11
40000.0,1.0,3.0,3,1,0,0,0,0,9.0,1.333e+00,10.0,2.283e-11,-3.008120003089587e-10
40000.0,1.0,3.0,3,1,0,0,0,0,2.0,8.104e-13,4.0,5.787e-09,4.977158685193217e-10
40000.0,1.0,3.0,3,1,0,0,0,0,3.0,1.109e+01,18.0,8.579e-31,-4.8813022790472615e-09
40000.0,1.0,3.0,3,1,0,0,0,0,1.0,7.893e-31,12.0,2.434e-30,-4.329705413641527e-09
40000.0,1.0,3.0,3,1,0,0,0,0,5.0,2.003e-07,16.0,1.420e-21,-3.2373133063146042e-09
40000.0,1.25,3.0,3,0,0,1,0,0,3.0,9.195e-26,21.0,3.790e+00,6.326785206844932e-10
40000.0,1.25,3.0,3,1,0,0,0,0,3.0,1.099e+01,28.0,5.516e-09,-1.0238769693193817e-09
40000.0,1.25,3.0,3,1,0,0,0,0,11.0,9.418e-18,9.0,4.715e-24,-1.1095659807613956e-09
40000.0,1.25,3.0,3,1,0,0,0,0,1.0,6.936e-19,7.0,7.056e-24,-1.2563404705456804e-08
40000.0,1.25,3.0,3,1,0,0,0,0,3.0,1.017e-02,11.0,8.952e-09,-2.3772394053267476e-09
40000.0,1.25,3.0,3,1,0,0,0,0,2.0,3.170e-26,6.0,2.351e-37,1.6576494343834014e-09
40000.0,1.25,3.0,3,1,0,0,0,0,3.0,8.350e-05,10.0,1.120e+01,-1.2357319195688277e-09
40000.0,1.25,3.0,3,1,0,0,0,0,5.0,9.952e-15,10.0,1.544e-18,7.806891105799352e-10
40000.0,1.25,3.0,3,0,0,0,1,0,0,0.000e+00,0,0.000e+00,1.091570115546725e-09
40000.0,1.25,3.0,3,1,0,0,0,0,8.0,8.489e-32,12.0,6.983e-09,-5.040319828175654e-10
40000.0,1.5,3.0,3,0,0,0,1,0,0,0.000e+00,0,0.000e+00,1.0874011725781063e-09
40000.0,1.5,3.0,3,0,0,1,0,0,3.0,4.579e-07,30.0,1.399e-13,4.104660222825629e-10
40000.0,1.5,3.0,3,0,1,0,0,0,6.0,8.960e-02,24.0,6.281e-07,8.154417141525983e-10
40000.0,1.5,3.0,3,1,0,0,0,0,8.0,2.051e-24,14.0,9.013e-05,-1.685410450091851e-09
40000.0,1.5,3.0,3,1,0,0,0,0,0.0,4.207e+00,3.0,9.847e-19,-1.1500799854124999e-08
40000.0,1.5,3.0,3,1,0,0,0,0,11.0,7.940e-06,4.0,1.971e-03,1.2748690644825977e-09
40000.0,1.5,3.0,3,1,0,0,0,0,8.0,1.299e-10,14.0,2.954e-01,-1.3351851707588125e-09
40000.0,1.5,3.0,3,1,0,0,0,0,7.0,1.471e-36,15.0,5.303e-12,-1.883423986215327e-09
40000.0,1.5,3.0,3,0,0,1,0,0,9.0,1.423e-01,39.0,4.746e-23,6.267653063218859e-10
40000.0,1.5,3.0,3,1,0,0,0,0,3.0,8.448e-05,14.0,3.409e-12,-3.5369984857647196e-09
40000.0,1.75,3.0,3,0,0,1,0,0,14.0,3.016e+00,29.0,1.840e-03,1.0979061687566016e-09
40000.0,1.75,3.0,3,0,0,1,0,0,13.0,4.297e-12,34.0,1.033e-06,8.424635919435097e-10
40000.0,1.75,3.0,3,0,0,1,0,0,11.0,6.688e-09,9.0,3.796e-03,1.2870451232549485e-09
40000.0,1.75,3.0,3,0,0,1,0,0,7.0,3.607e-29,22.0,6.133e-01,9.344589546600446e-10
40000.0,1.75,3.0,3,1,0,0,0,0,5.0,2.214e-14,24.0,3.053e-15,-2.3206679911069727e-09
40000.0,1.75,3.0,3,1,0,0,0,0,10.0,9.862e-11,7.0,6.912e-25,7.72048217023702e-10
40000.0,1.75,3.0,3,1,0,0,0,0,3.0,5.408e-24,12.0,5.203e-18,-1.446623487666443e-09
40000.0,1.75,3.0,3,0,1,0,0,0,4.0,4.878e-06,36.0,6.750e-01,6.133724084200765e-10
40000.0,1.75,3.0,3,1,0,0,0,0,5.0,4.110e-13,4.0,8.959e-20,3.0975791653897744e-09
40000.0,1.75,3.0,3,1,0,0,0,0,0.0,1.940e-16,5.0,2.451e-36,-1.2480875999365537e-08
40000.0,2.0,3.0,3,0,0,1,0,0,7.0,1.350e-09,31.0,1.447e-16,9.306432013911348e-10
40000.0,2.0,3.0,3,0,0,1,0,0,6.0,4.736e-29,29.0,1.524e-06,8.093236705808415e-10
40000.0,2.0,3.0,3,1,0,0,0,0,0.0,2.129e-40,8.0,8.997e-04,-1.4203476034202467e-08
40000.0,2.0,3.0,3,1,0,0,0,0,1.0,2.165e-21,11.0,8.632e+00,-3.167183043606414e-09
40000.0,2.0,3.0,3,1,0,0,0,0,2.0,9.547e+00,20.0,1.478e-03,-7.916377872674296e-09
40000.0,2.0,3.0,3,1,0,0,0,0,3.0,1.802e-23,13.0,6.288e-39,-2.389574843553177e-09
40000.0,2.0,3.0,3,1,0,0,0,0,4.0,6.986e-39,12.0,2.080e-02,-1.7914459776724456e-09
40000.0,2.0,3.0,3,1,0,0,0,0,4.0,1.647e-13,14.0,2.222e-05,-2.409050278706637e-09
40000.0,2.0,3.0,3,0,0,1,0,0,9.0,1.157e-35,34.0,6.897e-43,5.082377574350261e-10
40000.0,2.0,3.0,3,1,0,0,0,0,11.0,1.080e-02,3.0,7.367e-09,1.8562201498095732e-09
40000.0,2.25,3.0,3,0,0,0,1,0,0,0.000e+00,0,0.000e+00,1.0037249642547152e-09
40000.0,2.25,3.0,3,0,0,1,0,0,14.0,1.064e-06,11.0,3.629e-17,9.020734506592909e-10
40000.0,2.25,3.0,3,0,0,1,0,0,6.0,3.917e+00,11.0,2.139e-03,1.0352028609328379e-09
40000.0,2.25,3.0,3,1,0,0,0,0,1.0,6.111e-21,14.0,8.190e+00,-1.596127098546507e-08
40000.0,2.25,3.0,3,1,0,0,0,0,0.0,2.320e-10,11.0,4.746e-21,-1.6732361010629582e-08
40000.0,2.25,3.0,3,1,0,0,0,0,1.0,9.639e+00,15.0,3.661e-40,-6.988646730765602e-09
40000.0,2.25,3.0,3,1,0,0,0,0,0.0,3.992e-09,1.0,1.940e-10,-1.1582316411518079e-08
40000.0,2.25,3.0,3,1,0,0,0,0,4.0,1.181e-06,18.0,2.814e-11,-4.258581071114875e-09
40000.0,2.25,3.0,3,1,0,0,0,0,9.0,1.811e-02,12.0,8.569e+00,-1.162273735588748e-09
40000.0,2.25,3.0,3,1,0,0,0,0,9.0,5.057e-11,5.0,1.000e-28,2.786390285169915e-09
40000.0,2.5,3.0,3,0,0,0,1,0,0,0.000e+00,0,0.000e+00,9.345176785191533e-10
40000.0,2.5,3.0,3,0,0,1,0,0,3.0,1.386e+00,47.0,5.092e-02,1.1517383574632944e-10
40000.0,2.5,3.0,3,1,0,0,0,0,1.0,3.222e-34,16.0,6.701e-22,-2.14318294083915e-08
40000.0,2.5,3.0,3,1,0,0,0,0,-0.0,1.945e-38,16.0,2.370e-07,-2.9981812865731428e-09
40000.0,2.5,3.0,3,0,0,1,0,0,2.0,1.001e+01,25.0,3.420e-23,5.693832766384688e-10
40000.0,2.5,3.0,3,1,0,0,0,0,3.0,1.420e-03,16.0,8.349e+00,-4.193185701439894e-09
40000.0,2.5,3.0,3,1,0,0,0,0,6.0,7.278e+00,14.0,3.504e-22,-2.2343072253461216e-09
40000.0,2.5,3.0,3,1,0,0,0,0,7.0,2.240e-33,12.0,1.326e-29,-1.4397166236967962e-09
40000.0,2.5,3.0,3,1,0,0,0,0,5.0,5.402e-12,3.0,3.273e-05,3.461551059680268e-09
40000.0,2.5,3.0,3,1,0,0,0,0,3.0,6.390e+00,13.0,1.158e-26,-2.3957420908216065e-09
40000.0,2.75,3.0,3,0,0,1,0,0,1.0,1.043e-03,13.0,1.032e-13,-7.352324304932267e-10
40000.0,2.75,3.0,3,1,0,0,0,0,-0.0,5.850e-20,12.0,1.927e-07,-6.836965368850478e-09
40000.0,2.75,3.0,3,1,0,0,0,0,-0.0,9.932e-20,17.0,1.006e+01,-5.011803944077187e-09
40000.0,2.75,3.0,3,1,0,0,0,0,-0.0,1.097e+01,5.0,9.534e-01,-1.0956878029877437e-08
40000.0,2.75,3.0,3,1,0,0,0,0,1.0,1.204e-08,7.0,2.284e-09,-1.0673093284174762e-08
40000.0,2.75,3.0,3,1,0,0,0,0,3.0,2.785e-12,16.0,4.186e-08,-4.003499379234832e-09
40000.0,2.75,3.0,3,1,0,0,0,0,2.0,2.205e-14,9.0,1.432e-10,-1.1035350966359658e-09
40000.0,2.75,3.0,3,1,0,0,0,0,3.0,2.043e-09,11.0,2.653e-18,-1.574102723167492e-09
40000.0,2.75,3.0,3,1,0,0,0,0,1.0,2.298e-23,17.0,3.221e-01,-6.4859989046262e-09
40000.0,2.75,3.0,3,1,0,0,0,0,2.0,5.723e+00,24.0,7.144e-04,-5.8189005558428875e-09
40000.0,3.0,3.0,3,0,0,0,1,0,0,0.000e+00,0,0.000e+00,9.295116551455429e-10
40000.0,3.0,3.0,3,1,0,0,0,0,-0.0,2.531e-40,24.0,2.412e-32,-1.7732100454637134e-08
40000.0,3.0,3.0,3,1,0,0,0,0,1.0,9.502e-10,17.0,1.316e+00,-1.5755610136003462e-08
40000.0,3.0,3.0,3,1,0,0,0,0,0.0,1.258e-06,22.0,4.557e-05,-1.752022391054986e-08
40000.0,3.0,3.0,3,1,0,0,0,0,10.0,4.597e+00,11.0,8.048e-40,-9.795083077968059e-10
40000.0,3.0,3.0,3,1,0,0,0,0,1.0,1.458e-38,16.0,1.099e-15,-7.4406831807039e-09
40000.0,3.0,3.0,3,1,0,0,0,0,1.0,2.571e+00,5.0,1.534e-10,-8.606819978940194e-09
40000.0,3.0,3.0,3,1,0,0,0,0,2.0,3.195e+00,5.0,2.727e-37,1.2280606392911508e-09
40000.0,3.0,3.0,3,1,0,0,0,0,5.0,3.196e-32,19.0,3.149e-35,-3.847605213602723e-09
40000.0,3.0,3.0,3,1,0,0,0,0,8.0,1.205e-29,20.0,9.602e-21,-1.6610163175445614e-09
40000.0,3.25,3.0,3,1,0,0,0,0,-0.0,1.121e+01,19.0,2.620e-36,-2.4233774723048107e-08
40000.0,3.25,3.0,3,1,0,0,0,0,-0.0,7.312e-41,8.0,8.822e-02,-1.0895413737888049e-09
40000.0,3.25,3.0,3,1,0,0,0,0,1.0,3.849e-18,2.0,9.268e-02,-4.58036741868284e-09
40000.0,3.25,3.0,3,1,0,0,0,0,2.0,2.095e-01,15.0,1.221e-11,-4.393103741895388e-09
40000.0,3.25,3.0,3,1,0,0,0,0,3.0,1.167e-02,5.0,7.695e-30,2.012109978632992e-09
40000.0,3.25,3.0,3,1,0,0,0,0,5.0,1.636e-07,10.0,6.729e-19,4.1714338927523187e-10
40000.0,3.25,3.0,3,1,0,0,0,0,6.0,6.835e-15,12.0,7.986e-25,-6.224762233442149e-10
40000.0,3.25,3.0,3,1,0,0,0,0,6.0,1.418e-33,8.0,4.930e-04,1.8158579362381744e-09
40000.0,3.25,3.0,3,1,0,0,0,0,0.0,1.331e-24,20.0,5.581e-15,-2.0881903511904554e-08
40000.0,3.25,3.0,3,1,0,0,0,0,4.0,2.206e-25,4.0,4.778e-19,2.889800745919935e-09
40000.0,3.5,3.0,3,1,0,0,0,0,-0.0,1.174e-22,15.0,9.994e+00,-3.154292355089794e-09
40000.0,3.5,3.0,3,1,0,0,0,0,1.0,4.658e-04,15.0,1.794e-05,-1.3814319993477042e-08
40000.0,3.5,3.0,3,1,0,0,0,0,11.0,5.558e-06,7.0,2.761e-12,-1.6464983543240663e-10
40000.0,3.5,3.0,3,1,0,0,0,0,0.0,2.208e-10,7.0,2.982e-39,-1.3397172815565739e-08
40000.0,3.5,3.0,3,1,0,0,0,0,3.0,1.984e-14,14.0,3.329e+00,-3.3830547946367417e-09
40000.0,3.5,3.0,3,1,0,0,0,0,4.0,3.125e-03,12.0,5.245e-23,-1.5383225249188115e-09
40000.0,3.5,3.0,3,1,0,0,0,0,5.0,2.000e-05,8.0,1.968e-33,7.918760785985413e-10
40000.0,3.5,3.0,3,1,0,0,0,0,3.0,8.771e-38,1.0,1.646e+00,3.548766377980961e-09
40000.0,3.5,3.0,3,0,1,0,0,0,6.0,4.937e-19,41.0,3.111e-06,8.617300623070534e-10
40000.0,3.5,3.0,3,1,0,0,0,0,2.0,5.050e-07,26.0,3.261e-07,-4.337737710691236e-09
40000.0,3.75,3.0,3,1,0,0,0,0,1.0,8.495e-04,19.0,8.346e-25,-1.8421109818089754e-08
40000.0,3.75,3.0,3,1,0,0,0,0,1.0,3.200e-14,15.0,9.612e-28,-5.942100686495699e-09
40000.0,3.75,3.0,3,1,0,0,0,0,2.0,1.991e-14,16.0,1.019e+01,-6.428422141824264e-09
40000.0,3.75,3.0,3,1,0,0,0,0,1.0,6.921e-07,6.0,4.120e-02,-5.94304830348058e-09
40000.0,3.75,3.0,3,1,0,0,0,0,2.0,7.521e-07,15.0,5.266e-11,-4.726255359299714e-09
40000.0,3.75,3.0,3,1,0,0,0,0,2.0,5.547e-20,9.0,3.030e-32,1.23619087188942e-10
40000.0,3.75,3.0,3,1,0,0,0,0,2.0,1.764e-09,10.0,5.253e-02,-1.467828858459086e-09
40000.0,3.75,3.0,3,1,0,0,0,0,4.0,1.365e-39,17.0,1.162e-11,-4.423891281080117e-09
40000.0,3.75,3.0,3,1,0,0,0,0,1.0,1.287e-28,4.0,9.595e-41,-1.2029158058535216e-08
40000.0,3.75,3.0,3,1,0,0,0,0,0.0,5.006e-04,11.0,1.098e+01,-1.620674625057994e-08
40000.0,4.0,3.0,3,1,0,0,0,0,-0.0,1.757e-21,9.0,1.508e+00,-6.210852998567162e-09
40000.0,4.0,3.0,3,1,0,0,0,0,-0.0,1.144e-10,11.0,3.137e-01,-7.66066161894674e-09
40000.0,4.0,3.0,3,1,0,0,0,0,0.0,8.595e-01,13.0,2.491e-41,-2.0676414289044764e-08
40000.0,4.0,3.0,3,1,0,0,0,0,2.0,4.733e+00,22.0,4.677e-08,-7.556015174658981e-09
40000.0,4.0,3.0,3,1,0,0,0,0,2.0,2.294e-07,12.0,4.898e-02,-3.1985760290398346e-09
40000.0,4.0,3.0,3,1,0,0,0,0,3.0,2.718e+00,15.0,8.868e-08,-3.707672696640074e-09
40000.0,4.0,3.0,3,1,0,0,0,0,3.0,1.120e-03,11.0,2.361e-37,-1.8241391452900046e-09
40000.0,4.0,3.0,3,1,0,0,0,0,5.0,9.927e-36,13.0,1.462e-03,-2.537575330419095e-09
40000.0,4.0,3.0,3,1,0,0,0,0,4.0,1.750e-02,7.0,4.912e+00,1.5704628292256828e-09
40000.0,4.0,3.0,3,1,0,0,0,0,5.0,5.340e-05,1.0,2.458e-18,3.951620350384211e-09
40000.0,4.25,3.0,3,1,0,0,0,0,-0.0,4.996e-02,9.0,4.227e-43,-9.052287114341695e-09
40000.0,4.25,3.0,3,1,0,0,0,0,-0.0,3.057e-11,14.0,2.091e-06,-9.920839275090465e-09
40000.0,4.25,3.0,3,1,0,0,0,0,1.0,1.169e+00,13.0,3.701e-28,-1.2005251112667814e-08
40000.0,4.25,3.0,3,1,0,0,0,0,1.0,2.860e-26,10.0,2.809e-07,-1.8311246963165217e-09
40000.0,4.25,3.0,3,1,0,0,0,0,8.0,8.030e-16,9.0,1.804e-04,1.0836334260466707e-09
40000.0,4.25,3.0,3,1,0,0,0,0,3.0,2.803e-08,16.0,4.104e-25,-4.330060296431348e-09
40000.0,4.25,3.0,3,1,0,0,0,0,3.0,1.642e-03,9.0,1.835e-19,-5.338086500605854e-10
40000.0,4.25,3.0,3,1,0,0,0,0,2.0,2.227e-10,5.0,2.922e-31,1.6916096162722383e-09
40000.0,4.25,3.0,3,1,0,0,0,0,5.0,2.141e+00,15.0,2.030e-11,-3.3992768599944156e-09
40000.0,4.25,3.0,3,1,0,0,0,0,3.0,2.430e-03,4.0,4.992e-07,2.8811928814986842e-09
40000.0,4.5,3.0,3,1,0,0,0,0,1.0,2.316e-19,15.0,5.310e-01,-5.990125173660488e-09
40000.0,4.5,3.0,3,1,0,0,0,0,1.0,2.482e-16,9.0,1.865e+00,-1.3595435152669033e-08
40000.0,4.5,3.0,3,1,0,0,0,0,2.0,4.102e-02,9.0,9.165e-03,-4.4736421511704094e-10
40000.0,4.5,3.0,3,1,0,0,0,0,1.0,2.584e-10,9.0,3.864e-11,-1.3961349423774472e-08
40000.0,4.5,3.0,3,1,0,0,0,0,2.0,3.901e-16,11.0,2.033e-39,-1.424143677986045e-09
40000.0,4.5,3.0,3,1,0,0,0,0,3.0,2.159e-03,4.0,4.877e-06,2.909855870147915e-09
40000.0,4.5,3.0,3,1,0,0,0,0,2.0,1.435e+00,3.0,2.233e+00,3.372105303323103e-09
40000.0,4.5,3.0,3,1,0,0,0,0,4.0,1.036e-03,2.0,2.308e+00,3.753826582908459e-09
40000.0,4.5,3.0,3,1,0,0,0,0,1.0,3.572e-09,9.0,4.234e-24,-1.398654220219342e-08
40000.0,4.5,3.0,3,1,0,0,0,0,3.0,6.041e+00,4.0,9.076e+00,2.8704336824114662e-09
40000.0,4.75,3.0,3,1,0,0,0,0,1.0,4.321e-05,13.0,3.544e+00,-1.0178131143456781e-08
40000.0,4.75,3.0,3,1,0,0,0,0,1.0,5.761e-05,14.0,1.570e-07,-5.688268384096418e-09
40000.0,4.75,3.0,3,1,0,0,0,0,0.0,1.644e-31,7.0,5.436e+00,-1.4574848328230416e-08
40000.0,4.75,3.0,3,1,0,0,0,0,1.0,9.001e-25,7.0,7.987e-14,-1.316181855171017e-08
40000.0,4.75,3.0,3,1,0,0,0,0,1.0,1.355e+00,9.0,3.793e-08,-5.4985574704513596e-09
40000.0,4.75,3.0,3,1,0,0,0,0,4.0,2.977e-41,3.0,3.199e-12,2.903684043209509e-09
40000.0,4.75,3.0,3,1,0,0,0,0,5.0,1.798e-11,7.0,5.063e-31,8.528313055755632e-10
40000.0,4.75,3.0,3,1,0,0,0,0,5.0,9.854e-03,12.0,6.380e-11,-1.7261865686846178e-09
40000.0,4.75,3.0,3,1,0,0,0,0,1.0,1.120e-19,19.0,5.634e-25,-7.807202023757398e-09
40000.0,4.75,3.0,3,1,0,0,0,0,1.0,1.509e-35,12.0,8.933e-06,-4.1663598265850865e-09
